id	chrom	len	cumul
scaff_group001	JAEPEU010005693.1	225	225
scaff_group001	JAEPEU010001666.1	235	460
scaff_group001	JAEPEU010002498.1	252	712
scaff_group001	JAEPEU010000106.1	255	967
scaff_group001	JAEPEU010001968.1	260	1227
scaff_group001	JAEPEU010001976.1	276	1503
scaff_group001	JAEPEU010004318.1	279	1782
scaff_group001	JAEPEU010000266.1	289	2071
scaff_group001	JAEPEU010003418.1	289	2360
scaff_group001	JAEPEU010004868.1	294	2654
scaff_group001	JAEPEU010009215.1	301	2955
scaff_group001	JAEPEU010009355.1	317	3272
scaff_group001	JAEPEU010006725.1	319	3591
scaff_group001	JAEPEU010000173.1	321	3912
scaff_group001	JAEPEU010004351.1	331	4243
scaff_group001	JAEPEU010009262.1	333	4576
scaff_group001	JAEPEU010007031.1	335	4911
scaff_group001	JAEPEU010006379.1	339	5250
scaff_group001	JAEPEU010001138.1	343	5593
scaff_group001	JAEPEU010006756.1	345	5938
scaff_group001	JAEPEU010004010.1	350	6288
scaff_group001	JAEPEU010008351.1	351	6639
scaff_group001	JAEPEU010000283.1	353	6992
scaff_group001	JAEPEU010008557.1	357	7349
scaff_group001	JAEPEU010003245.1	367	7716
scaff_group001	JAEPEU010007942.1	367	8083
scaff_group001	JAEPEU010002340.1	371	8454
scaff_group001	JAEPEU010003880.1	373	8827
scaff_group001	JAEPEU010009166.1	374	9201
scaff_group001	JAEPEU010003217.1	378	9579
scaff_group001	JAEPEU010003821.1	389	9968
scaff_group001	JAEPEU010002132.1	399	10367
scaff_group001	JAEPEU010002664.1	399	10766
scaff_group001	JAEPEU010004468.1	412	11178
scaff_group001	JAEPEU010009808.1	413	11591
scaff_group001	JAEPEU010006675.1	416	12007
scaff_group001	JAEPEU010004531.1	417	12424
scaff_group001	JAEPEU010002963.1	418	12842
scaff_group001	JAEPEU010002828.1	424	13266
scaff_group001	JAEPEU010001817.1	426	13692
scaff_group001	JAEPEU010006208.1	431	14123
scaff_group001	JAEPEU010007041.1	433	14556
scaff_group001	JAEPEU010002036.1	435	14991
scaff_group001	JAEPEU010000285.1	436	15427
scaff_group001	JAEPEU010003874.1	436	15863
scaff_group001	JAEPEU010003074.1	440	16303
scaff_group001	JAEPEU010004208.1	440	16743
scaff_group001	JAEPEU010003611.1	442	17185
scaff_group001	JAEPEU010002656.1	443	17628
scaff_group001	JAEPEU010003076.1	445	18073
scaff_group001	JAEPEU010003462.1	449	18522
scaff_group001	JAEPEU010001548.1	450	18972
scaff_group001	JAEPEU010004457.1	453	19425
scaff_group001	JAEPEU010004751.1	454	19879
scaff_group001	JAEPEU010008928.1	455	20334
scaff_group001	JAEPEU010005026.1	456	20790
scaff_group001	JAEPEU010004016.1	457	21247
scaff_group001	JAEPEU010007594.1	459	21706
scaff_group001	JAEPEU010000154.1	463	22169
scaff_group001	JAEPEU010002964.1	463	22632
scaff_group001	JAEPEU010005114.1	463	23095
scaff_group001	JAEPEU010000282.1	466	23561
scaff_group001	JAEPEU010008191.1	466	24027
scaff_group001	JAEPEU010004436.1	468	24495
scaff_group001	JAEPEU010004458.1	468	24963
scaff_group001	JAEPEU010006399.1	470	25433
scaff_group001	JAEPEU010003494.1	473	25906
scaff_group001	JAEPEU010003535.1	474	26380
scaff_group001	JAEPEU010001217.1	475	26855
scaff_group001	JAEPEU010001313.1	475	27330
scaff_group001	JAEPEU010002777.1	477	27807
scaff_group001	JAEPEU010001571.1	478	28285
scaff_group001	JAEPEU010006269.1	485	28770
scaff_group001	JAEPEU010001872.1	486	29256
scaff_group001	JAEPEU010003788.1	486	29742
scaff_group001	JAEPEU010005944.1	488	30230
scaff_group001	JAEPEU010009393.1	489	30719
scaff_group001	JAEPEU010001203.1	489	31208
scaff_group001	JAEPEU010003439.1	489	31697
scaff_group001	JAEPEU010002886.1	490	32187
scaff_group001	JAEPEU010009374.1	491	32678
scaff_group001	JAEPEU010009934.1	492	33170
scaff_group001	JAEPEU010008027.1	494	33664
scaff_group001	JAEPEU010001989.1	496	34160
scaff_group001	JAEPEU010003951.1	496	34656
scaff_group001	JAEPEU010009554.1	497	35153
scaff_group001	JAEPEU010001487.1	497	35650
scaff_group001	JAEPEU010002821.1	498	36148
scaff_group001	JAEPEU010003454.1	498	36646
scaff_group001	JAEPEU010009407.1	501	37147
scaff_group001	JAEPEU010001324.1	501	37648
scaff_group001	JAEPEU010004831.1	503	38151
scaff_group001	JAEPEU010001179.1	503	38654
scaff_group001	JAEPEU010002120.1	505	39159
scaff_group001	JAEPEU010002402.1	506	39665
scaff_group001	JAEPEU010004236.1	506	40171
scaff_group001	JAEPEU010003901.1	507	40678
scaff_group001	JAEPEU010009314.1	508	41186
scaff_group001	JAEPEU010003387.1	508	41694
scaff_group001	JAEPEU010007784.1	509	42203
scaff_group001	JAEPEU010005758.1	510	42713
scaff_group001	JAEPEU010001603.1	511	43224
scaff_group001	JAEPEU010004074.1	511	43735
scaff_group001	JAEPEU010000585.1	511	44246
scaff_group001	JAEPEU010001997.1	511	44757
scaff_group001	JAEPEU010002445.1	511	45268
scaff_group001	JAEPEU010003854.1	511	45779
scaff_group001	JAEPEU010000447.1	512	46291
scaff_group001	JAEPEU010003561.1	512	46803
scaff_group001	JAEPEU010007737.1	513	47316
scaff_group001	JAEPEU010003630.1	513	47829
scaff_group001	JAEPEU010001902.1	514	48343
scaff_group001	JAEPEU010001988.1	514	48857
scaff_group001	JAEPEU010003539.1	514	49371
scaff_group001	JAEPEU010003753.1	514	49885
scaff_group001	JAEPEU010003870.1	514	50399
scaff_group001	JAEPEU010007517.1	514	50913
scaff_group001	JAEPEU010008379.1	514	51427
scaff_group001	JAEPEU010009612.1	516	51943
scaff_group001	JAEPEU010001657.1	516	52459
scaff_group001	JAEPEU010002025.1	516	52975
scaff_group001	JAEPEU010004376.1	516	53491
scaff_group001	JAEPEU010001632.1	517	54008
scaff_group001	JAEPEU010004810.1	517	54525
scaff_group001	JAEPEU010007758.1	517	55042
scaff_group001	JAEPEU010003368.1	517	55559
scaff_group001	JAEPEU010003443.1	517	56076
scaff_group001	JAEPEU010008309.1	517	56593
scaff_group001	JAEPEU010001659.1	518	57111
scaff_group001	JAEPEU010002844.1	518	57629
scaff_group001	JAEPEU010003801.1	518	58147
scaff_group001	JAEPEU010004272.1	518	58665
scaff_group001	JAEPEU010004299.1	518	59183
scaff_group001	JAEPEU010008658.1	519	59702
scaff_group001	JAEPEU010003478.1	520	60222
scaff_group001	JAEPEU010000536.1	520	60742
scaff_group001	JAEPEU010005353.1	521	61263
scaff_group001	JAEPEU010002447.1	521	61784
scaff_group001	JAEPEU010004265.1	522	62306
scaff_group001	JAEPEU010002193.1	523	62829
scaff_group001	JAEPEU010002416.1	523	63352
scaff_group001	JAEPEU010009870.1	524	63876
scaff_group001	JAEPEU010003645.1	524	64400
scaff_group001	JAEPEU010003969.1	524	64924
scaff_group001	JAEPEU010004329.1	525	65449
scaff_group001	JAEPEU010003859.1	526	65975
scaff_group001	JAEPEU010003652.1	527	66502
scaff_group001	JAEPEU010003911.1	527	67029
scaff_group001	JAEPEU010004312.1	527	67556
scaff_group001	JAEPEU010000577.1	529	68085
scaff_group001	JAEPEU010001196.1	531	68616
scaff_group001	JAEPEU010002293.1	531	69147
scaff_group001	JAEPEU010005495.1	532	69679
scaff_group001	JAEPEU010009342.1	532	70211
scaff_group001	JAEPEU010009580.1	532	70743
scaff_group001	JAEPEU010002493.1	532	71275
scaff_group001	JAEPEU010003348.1	532	71807
scaff_group001	JAEPEU010002694.1	533	72340
scaff_group001	JAEPEU010004752.1	534	72874
scaff_group001	JAEPEU010003894.1	535	73409
scaff_group001	JAEPEU010002835.1	536	73945
scaff_group001	JAEPEU010003617.1	536	74481
scaff_group001	JAEPEU010004355.1	536	75017
scaff_group001	JAEPEU010006977.1	536	75553
scaff_group001	JAEPEU010000421.1	537	76090
scaff_group001	JAEPEU010008629.1	537	76627
scaff_group001	JAEPEU010009905.1	538	77165
scaff_group001	JAEPEU010000598.1	538	77703
scaff_group001	JAEPEU010003278.1	538	78241
scaff_group001	JAEPEU010003585.1	538	78779
scaff_group001	JAEPEU010001599.1	539	79318
scaff_group001	JAEPEU010000924.1	539	79857
scaff_group001	JAEPEU010001148.1	539	80396
scaff_group001	JAEPEU010004594.1	539	80935
scaff_group001	JAEPEU010004890.1	540	81475
scaff_group001	JAEPEU010002429.1	540	82015
scaff_group001	JAEPEU010000166.1	541	82556
scaff_group001	JAEPEU010005218.1	541	83097
scaff_group001	JAEPEU010001201.1	542	83639
scaff_group001	JAEPEU010009606.1	543	84182
scaff_group001	JAEPEU010008970.1	543	84725
scaff_group001	JAEPEU010003604.1	544	85269
scaff_group001	JAEPEU010001012.1	544	85813
scaff_group001	JAEPEU010002041.1	545	86358
scaff_group001	JAEPEU010003274.1	545	86903
scaff_group001	JAEPEU010008987.1	545	87448
scaff_group001	JAEPEU010002759.1	546	87994
scaff_group001	JAEPEU010004255.1	547	88541
scaff_group001	JAEPEU010005853.1	547	89088
scaff_group001	JAEPEU010002531.1	548	89636
scaff_group001	JAEPEU010004094.1	549	90185
scaff_group001	JAEPEU010001730.1	549	90734
scaff_group001	JAEPEU010003263.1	549	91283
scaff_group001	JAEPEU010007454.1	549	91832
scaff_group001	JAEPEU010004875.1	551	92383
scaff_group001	JAEPEU010009275.1	551	92934
scaff_group001	JAEPEU010002960.1	551	93485
scaff_group001	JAEPEU010003233.1	552	94037
scaff_group001	JAEPEU010001276.1	553	94590
scaff_group001	JAEPEU010002716.1	553	95143
scaff_group001	JAEPEU010007205.1	553	95696
scaff_group001	JAEPEU010005506.1	554	96250
scaff_group001	JAEPEU010002504.1	554	96804
scaff_group001	JAEPEU010002826.1	555	97359
scaff_group001	JAEPEU010002853.1	555	97914
scaff_group001	JAEPEU010004470.1	555	98469
scaff_group001	JAEPEU010005870.1	555	99024
scaff_group001	JAEPEU010003574.1	556	99580
scaff_group001	JAEPEU010008789.1	557	100137
scaff_group001	JAEPEU010007692.1	558	100695
scaff_group001	JAEPEU010002907.1	558	101253
scaff_group001	JAEPEU010002753.1	559	101812
scaff_group001	JAEPEU010000529.1	559	102371
scaff_group001	JAEPEU010008995.1	559	102930
scaff_group001	JAEPEU010002016.1	560	103490
scaff_group001	JAEPEU010007409.1	561	104051
scaff_group001	JAEPEU010001967.1	562	104613
scaff_group001	JAEPEU010002706.1	562	105175
scaff_group001	JAEPEU010004797.1	564	105739
scaff_group001	JAEPEU010003032.1	564	106303
scaff_group001	JAEPEU010008284.1	564	106867
scaff_group001	JAEPEU010001155.1	565	107432
scaff_group001	JAEPEU010000316.1	567	107999
scaff_group001	JAEPEU010001190.1	567	108566
scaff_group001	JAEPEU010007715.1	568	109134
scaff_group001	JAEPEU010008764.1	568	109702
scaff_group001	JAEPEU010007886.1	568	110270
scaff_group001	JAEPEU010009415.1	569	110839
scaff_group001	JAEPEU010002969.1	569	111408
scaff_group001	JAEPEU010003471.1	569	111977
scaff_group001	JAEPEU010003701.1	569	112546
scaff_group001	JAEPEU010003929.1	569	113115
scaff_group001	JAEPEU010009061.1	569	113684
scaff_group001	JAEPEU010004785.1	570	114254
scaff_group001	JAEPEU010003215.1	570	114824
scaff_group001	JAEPEU010003872.1	570	115394
scaff_group001	JAEPEU010004409.1	570	115964
scaff_group001	JAEPEU010006082.1	570	116534
scaff_group001	JAEPEU010007921.1	570	117104
scaff_group001	JAEPEU010003068.1	571	117675
scaff_group001	JAEPEU010006922.1	571	118246
scaff_group001	JAEPEU010002829.1	572	118818
scaff_group001	JAEPEU010001220.1	573	119391
scaff_group001	JAEPEU010006844.1	575	119966
scaff_group001	JAEPEU010009377.1	576	120542
scaff_group001	JAEPEU010003924.1	578	121120
scaff_group001	JAEPEU010004250.1	578	121698
scaff_group001	JAEPEU010003409.1	579	122277
scaff_group001	JAEPEU010003829.1	579	122856
scaff_group001	JAEPEU010004212.1	579	123435
scaff_group001	JAEPEU010009098.1	579	124014
scaff_group001	JAEPEU010004602.1	580	124594
scaff_group001	JAEPEU010000939.1	581	125175
scaff_group001	JAEPEU010002500.1	582	125757
scaff_group001	JAEPEU010004417.1	583	126340
scaff_group001	JAEPEU010002026.1	584	126924
scaff_group001	JAEPEU010003293.1	584	127508
scaff_group001	JAEPEU010009141.1	584	128092
scaff_group001	JAEPEU010001600.1	586	128678
scaff_group001	JAEPEU010003260.1	586	129264
scaff_group001	JAEPEU010003442.1	586	129850
scaff_group001	JAEPEU010000525.1	586	130436
scaff_group001	JAEPEU010004443.1	587	131023
scaff_group001	JAEPEU010004485.1	587	131610
scaff_group001	JAEPEU010005138.1	588	132198
scaff_group001	JAEPEU010005401.1	589	132787
scaff_group001	JAEPEU010001760.1	591	133378
scaff_group001	JAEPEU010001898.1	591	133969
scaff_group001	JAEPEU010002934.1	591	134560
scaff_group001	JAEPEU010006188.1	591	135151
scaff_group001	JAEPEU010007967.1	591	135742
scaff_group001	JAEPEU010008484.1	591	136333
scaff_group001	JAEPEU010009361.1	592	136925
scaff_group001	JAEPEU010003691.1	592	137517
scaff_group001	JAEPEU010004062.1	593	138110
scaff_group001	JAEPEU010003579.1	594	138704
scaff_group001	JAEPEU010007303.1	594	139298
scaff_group001	JAEPEU010007736.1	595	139893
scaff_group001	JAEPEU010002689.1	595	140488
scaff_group001	JAEPEU010006807.1	595	141083
scaff_group001	JAEPEU010002396.1	596	141679
scaff_group001	JAEPEU010001322.1	597	142276
scaff_group001	JAEPEU010008201.1	597	142873
scaff_group001	JAEPEU010000609.1	599	143472
scaff_group001	JAEPEU010001797.1	599	144071
scaff_group001	JAEPEU010004050.1	600	144671
scaff_group001	JAEPEU010002241.1	600	145271
scaff_group001	JAEPEU010003065.1	600	145871
scaff_group001	JAEPEU010008793.1	600	146471
scaff_group001	JAEPEU010003512.1	601	147072
scaff_group001	JAEPEU010002707.1	602	147674
scaff_group001	JAEPEU010005100.1	602	148276
scaff_group001	JAEPEU010000523.1	602	148878
scaff_group001	JAEPEU010008184.1	602	149480
scaff_group001	JAEPEU010000190.1	605	150085
scaff_group001	JAEPEU010003784.1	605	150690
scaff_group001	JAEPEU010003942.1	605	151295
scaff_group001	JAEPEU010008621.1	605	151900
scaff_group001	JAEPEU010009075.1	606	152506
scaff_group001	JAEPEU010000848.1	608	153114
scaff_group001	JAEPEU010005356.1	609	153723
scaff_group001	JAEPEU010002790.1	610	154333
scaff_group001	JAEPEU010004439.1	610	154943
scaff_group001	JAEPEU010000940.1	611	155554
scaff_group001	JAEPEU010001510.1	611	156165
scaff_group001	JAEPEU010004266.1	611	156776
scaff_group001	JAEPEU010002245.1	612	157388
scaff_group001	JAEPEU010002895.1	612	158000
scaff_group001	JAEPEU010006819.1	612	158612
scaff_group001	JAEPEU010005473.1	613	159225
scaff_group001	JAEPEU010001227.1	613	159838
scaff_group001	JAEPEU010003309.1	613	160451
scaff_group001	JAEPEU010002023.1	614	161065
scaff_group001	JAEPEU010004469.1	615	161680
scaff_group001	JAEPEU010006372.1	616	162296
scaff_group001	JAEPEU010004424.1	617	162913
scaff_group001	JAEPEU010002440.1	618	163531
scaff_group001	JAEPEU010008513.1	618	164149
scaff_group001	JAEPEU010009106.1	618	164767
scaff_group001	JAEPEU010000116.1	619	165386
scaff_group001	JAEPEU010003401.1	619	166005
scaff_group001	JAEPEU010003853.1	619	166624
scaff_group001	JAEPEU010004909.1	619	167243
scaff_group001	JAEPEU010005552.1	619	167862
scaff_group001	JAEPEU010008747.1	620	168482
scaff_group001	JAEPEU010008587.1	620	169102
scaff_group001	JAEPEU010009324.1	622	169724
scaff_group001	JAEPEU010004429.1	622	170346
scaff_group001	JAEPEU010000719.1	624	170970
scaff_group001	JAEPEU010005500.1	625	171595
scaff_group001	JAEPEU010004444.1	625	172220
scaff_group001	JAEPEU010004305.1	626	172846
scaff_group001	JAEPEU010003405.1	628	173474
scaff_group001	JAEPEU010000565.1	630	174104
scaff_group001	JAEPEU010001466.1	630	174734
scaff_group001	JAEPEU010002352.1	630	175364
scaff_group001	JAEPEU010004364.1	630	175994
scaff_group001	JAEPEU010003266.1	632	176626
scaff_group001	JAEPEU010001202.1	633	177259
scaff_group001	JAEPEU010001964.1	633	177892
scaff_group001	JAEPEU010004946.1	633	178525
scaff_group001	JAEPEU010008766.1	635	179160
scaff_group001	JAEPEU010003699.1	636	179796
scaff_group001	JAEPEU010005871.1	636	180432
scaff_group001	JAEPEU010006534.1	636	181068
scaff_group001	JAEPEU010009891.1	637	181705
scaff_group001	JAEPEU010004398.1	638	182343
scaff_group001	JAEPEU010007348.1	638	182981
scaff_group001	JAEPEU010009144.1	638	183619
scaff_group001	JAEPEU010004111.1	639	184258
scaff_group001	JAEPEU010002914.1	639	184897
scaff_group001	JAEPEU010004349.1	639	185536
scaff_group001	JAEPEU010008814.1	639	186175
scaff_group001	JAEPEU010004353.1	641	186816
scaff_group001	JAEPEU010007697.1	642	187458
scaff_group001	JAEPEU010009560.1	642	188100
scaff_group001	JAEPEU010003813.1	642	188742
scaff_group001	JAEPEU010004345.1	642	189384
scaff_group001	JAEPEU010003119.1	642	190026
scaff_group001	JAEPEU010001499.1	643	190669
scaff_group001	JAEPEU010009301.1	644	191313
scaff_group001	JAEPEU010001429.1	646	191959
scaff_group001	JAEPEU010002273.1	646	192605
scaff_group001	JAEPEU010006715.1	646	193251
scaff_group001	JAEPEU010009019.1	646	193897
scaff_group001	JAEPEU010002012.1	647	194544
scaff_group001	JAEPEU010005604.1	648	195192
scaff_group001	JAEPEU010003998.1	649	195841
scaff_group001	JAEPEU010005894.1	649	196490
scaff_group001	JAEPEU010008334.1	649	197139
scaff_group001	JAEPEU010003334.1	650	197789
scaff_group001	JAEPEU010003544.1	650	198439
scaff_group001	JAEPEU010004609.1	650	199089
scaff_group001	JAEPEU010004283.1	651	199740
scaff_group001	JAEPEU010008786.1	651	200391
scaff_group001	JAEPEU010000930.1	653	201044
scaff_group001	JAEPEU010003222.1	653	201697
scaff_group001	JAEPEU010008950.1	653	202350
scaff_group001	JAEPEU010003620.1	654	203004
scaff_group001	JAEPEU010005635.1	654	203658
scaff_group001	JAEPEU010007455.1	654	204312
scaff_group001	JAEPEU010009317.1	655	204967
scaff_group001	JAEPEU010003997.1	655	205622
scaff_group001	JAEPEU010007590.1	655	206277
scaff_group001	JAEPEU010008509.1	655	206932
scaff_group001	JAEPEU010007916.1	657	207589
scaff_group001	JAEPEU010008538.1	657	208246
scaff_group001	JAEPEU010009826.1	658	208904
scaff_group001	JAEPEU010002307.1	658	209562
scaff_group001	JAEPEU010006355.1	658	210220
scaff_group001	JAEPEU010001855.1	659	210879
scaff_group001	JAEPEU010002294.1	659	211538
scaff_group001	JAEPEU010002448.1	660	212198
scaff_group001	JAEPEU010002059.1	662	212860
scaff_group001	JAEPEU010006146.1	662	213522
scaff_group001	JAEPEU010001555.1	663	214185
scaff_group001	JAEPEU010004682.1	663	214848
scaff_group001	JAEPEU010004803.1	664	215512
scaff_group001	JAEPEU010001160.1	666	216178
scaff_group001	JAEPEU010003394.1	666	216844
scaff_group001	JAEPEU010004199.1	666	217510
scaff_group001	JAEPEU010005341.1	667	218177
scaff_group001	JAEPEU010002243.1	668	218845
scaff_group001	JAEPEU010005111.1	669	219514
scaff_group001	JAEPEU010003869.1	670	220184
scaff_group001	JAEPEU010008754.1	672	220856
scaff_group001	JAEPEU010002512.1	673	221529
scaff_group001	JAEPEU010004083.1	675	222204
scaff_group001	JAEPEU010004258.1	675	222879
scaff_group001	JAEPEU010003023.1	676	223555
scaff_group001	JAEPEU010001323.1	677	224232
scaff_group001	JAEPEU010002660.1	678	224910
scaff_group001	JAEPEU010001258.1	678	225588
scaff_group001	JAEPEU010002717.1	679	226267
scaff_group001	JAEPEU010008662.1	679	226946
scaff_group001	JAEPEU010002406.1	681	227627
scaff_group001	JAEPEU010003397.1	681	228308
scaff_group001	JAEPEU010001814.1	682	228990
scaff_group001	JAEPEU010009002.1	682	229672
scaff_group001	JAEPEU010007678.1	683	230355
scaff_group001	JAEPEU010005477.1	685	231040
scaff_group001	JAEPEU010003044.1	686	231726
scaff_group001	JAEPEU010002475.1	688	232414
scaff_group001	JAEPEU010006108.1	688	233102
scaff_group001	JAEPEU010003961.1	689	233791
scaff_group001	JAEPEU010004113.1	690	234481
scaff_group001	JAEPEU010002347.1	690	235171
scaff_group001	JAEPEU010004809.1	691	235862
scaff_group001	JAEPEU010000621.1	691	236553
scaff_group001	JAEPEU010002325.1	694	237247
scaff_group001	JAEPEU010003791.1	695	237942
scaff_group001	JAEPEU010001348.1	697	238639
scaff_group001	JAEPEU010002417.1	697	239336
scaff_group001	JAEPEU010009261.1	698	240034
scaff_group001	JAEPEU010006650.1	698	240732
scaff_group001	JAEPEU010001545.1	699	241431
scaff_group001	JAEPEU010003817.1	699	242130
scaff_group001	JAEPEU010006524.1	699	242829
scaff_group001	JAEPEU010009236.1	700	243529
scaff_group001	JAEPEU010003451.1	700	244229
scaff_group001	JAEPEU010000191.1	701	244930
scaff_group001	JAEPEU010008762.1	702	245632
scaff_group001	JAEPEU010003662.1	702	246334
scaff_group001	JAEPEU010004034.1	703	247037
scaff_group001	JAEPEU010004274.1	703	247740
scaff_group001	JAEPEU010002690.1	704	248444
scaff_group001	JAEPEU010004219.1	705	249149
scaff_group001	JAEPEU010004333.1	705	249854
scaff_group001	JAEPEU010006890.1	705	250559
scaff_group001	JAEPEU010000179.1	706	251265
scaff_group001	JAEPEU010004474.1	707	251972
scaff_group001	JAEPEU010008055.1	707	252679
scaff_group001	JAEPEU010002946.1	708	253387
scaff_group001	JAEPEU010002808.1	709	254096
scaff_group001	JAEPEU010003878.1	711	254807
scaff_group001	JAEPEU010004766.1	713	255520
scaff_group001	JAEPEU010009217.1	714	256234
scaff_group001	JAEPEU010009005.1	714	256948
scaff_group001	JAEPEU010001676.1	715	257663
scaff_group001	JAEPEU010001973.1	716	258379
scaff_group001	JAEPEU010002738.1	716	259095
scaff_group001	JAEPEU010007313.1	717	259812
scaff_group001	JAEPEU010006847.1	719	260531
scaff_group001	JAEPEU010007396.1	719	261250
scaff_group001	JAEPEU010001221.1	720	261970
scaff_group001	JAEPEU010007403.1	720	262690
scaff_group001	JAEPEU010009845.1	721	263411
scaff_group001	JAEPEU010005998.1	721	264132
scaff_group001	JAEPEU010002495.1	722	264854
scaff_group001	JAEPEU010002143.1	724	265578
scaff_group001	JAEPEU010002164.1	724	266302
scaff_group001	JAEPEU010000809.1	724	267026
scaff_group001	JAEPEU010008636.1	724	267750
scaff_group001	JAEPEU010009220.1	725	268475
scaff_group001	JAEPEU010003747.1	725	269200
scaff_group001	JAEPEU010000293.1	726	269926
scaff_group001	JAEPEU010007744.1	726	270652
scaff_group001	JAEPEU010002320.1	726	271378
scaff_group001	JAEPEU010005491.1	728	272106
scaff_group001	JAEPEU010003963.1	728	272834
scaff_group001	JAEPEU010000259.1	730	273564
scaff_group001	JAEPEU010002108.1	730	274294
scaff_group001	JAEPEU010002929.1	730	275024
scaff_group001	JAEPEU010002582.1	731	275755
scaff_group001	JAEPEU010003999.1	731	276486
scaff_group001	JAEPEU010004471.1	731	277217
scaff_group001	JAEPEU010005235.1	732	277949
scaff_group001	JAEPEU010002485.1	732	278681
scaff_group001	JAEPEU010007162.1	732	279413
scaff_group001	JAEPEU010003115.1	733	280146
scaff_group001	JAEPEU010003732.1	735	280881
scaff_group001	JAEPEU010009285.1	737	281618
scaff_group001	JAEPEU010000399.1	737	282355
scaff_group001	JAEPEU010002926.1	737	283092
scaff_group001	JAEPEU010009412.1	738	283830
scaff_group001	JAEPEU010009788.1	738	284568
scaff_group001	JAEPEU010002728.1	738	285306
scaff_group001	JAEPEU010002765.1	738	286044
scaff_group001	JAEPEU010007811.1	738	286782
scaff_group001	JAEPEU010007889.1	738	287520
scaff_group001	JAEPEU010006293.1	739	288259
scaff_group001	JAEPEU010005418.1	740	288999
scaff_group001	JAEPEU010007621.1	741	289740
scaff_group001	JAEPEU010009401.1	743	290483
scaff_group001	JAEPEU010009345.1	744	291227
scaff_group001	JAEPEU010003358.1	745	291972
scaff_group001	JAEPEU010005777.1	745	292717
scaff_group001	JAEPEU010002601.1	747	293464
scaff_group001	JAEPEU010007622.1	747	294211
scaff_group001	JAEPEU010001799.1	748	294959
scaff_group001	JAEPEU010009142.1	748	295707
scaff_group001	JAEPEU010007728.1	750	296457
scaff_group001	JAEPEU010005742.1	753	297210
scaff_group001	JAEPEU010003060.1	753	297963
scaff_group001	JAEPEU010002794.1	754	298717
scaff_group001	JAEPEU010004288.1	754	299471
scaff_group001	JAEPEU010008696.1	754	300225
scaff_group001	JAEPEU010003613.1	756	300981
scaff_group001	JAEPEU010003752.1	757	301738
scaff_group001	JAEPEU010008431.1	757	302495
scaff_group001	JAEPEU010003989.1	758	303253
scaff_group001	JAEPEU010004820.1	760	304013
scaff_group001	JAEPEU010000440.1	760	304773
scaff_group001	JAEPEU010001829.1	760	305533
scaff_group001	JAEPEU010003970.1	760	306293
scaff_group001	JAEPEU010002222.1	761	307054
scaff_group001	JAEPEU010002801.1	761	307815
scaff_group001	JAEPEU010005076.1	761	308576
scaff_group001	JAEPEU010007114.1	766	309342
scaff_group001	JAEPEU010000278.1	767	310109
scaff_group001	JAEPEU010000288.1	769	310878
scaff_group001	JAEPEU010002076.1	769	311647
scaff_group001	JAEPEU010004334.1	769	312416
scaff_group001	JAEPEU010003369.1	770	313186
scaff_group001	JAEPEU010000151.1	771	313957
scaff_group001	JAEPEU010002836.1	771	314728
scaff_group001	JAEPEU010004581.1	771	315499
scaff_group001	JAEPEU010001476.1	772	316271
scaff_group001	JAEPEU010007083.1	773	317044
scaff_group001	JAEPEU010008959.1	773	317817
scaff_group001	JAEPEU010001514.1	774	318591
scaff_group001	JAEPEU010002048.1	774	319365
scaff_group001	JAEPEU010005817.1	774	320139
scaff_group001	JAEPEU010002053.1	777	320916
scaff_group001	JAEPEU010002187.1	777	321693
scaff_group001	JAEPEU010002428.1	777	322470
scaff_group001	JAEPEU010004373.1	777	323247
scaff_group001	JAEPEU010004575.1	777	324024
scaff_group001	JAEPEU010008142.1	778	324802
scaff_group001	JAEPEU010009537.1	779	325581
scaff_group001	JAEPEU010005630.1	779	326360
scaff_group001	JAEPEU010000984.1	783	327143
scaff_group001	JAEPEU010007883.1	783	327926
scaff_group001	JAEPEU010009305.1	784	328710
scaff_group001	JAEPEU010004341.1	785	329495
scaff_group001	JAEPEU010001986.1	786	330281
scaff_group001	JAEPEU010007740.1	788	331069
scaff_group001	JAEPEU010002678.1	788	331857
scaff_group001	JAEPEU010001449.1	789	332646
scaff_group001	JAEPEU010009526.1	790	333436
scaff_group001	JAEPEU010006279.1	794	334230
scaff_group001	JAEPEU010003356.1	795	335025
scaff_group001	JAEPEU010005958.1	795	335820
scaff_group001	JAEPEU010008344.1	796	336616
scaff_group001	JAEPEU010008991.1	797	337413
scaff_group001	JAEPEU010007267.1	798	338211
scaff_group001	JAEPEU010003518.1	799	339010
scaff_group001	JAEPEU010001594.1	800	339810
scaff_group001	JAEPEU010003714.1	800	340610
scaff_group001	JAEPEU010004824.1	802	341412
scaff_group001	JAEPEU010003941.1	803	342215
scaff_group001	JAEPEU010001631.1	804	343019
scaff_group001	JAEPEU010009433.1	804	343823
scaff_group001	JAEPEU010003695.1	805	344628
scaff_group001	JAEPEU010003728.1	806	345434
scaff_group001	JAEPEU010008511.1	806	346240
scaff_group001	JAEPEU010002117.1	807	347047
scaff_group001	JAEPEU010002680.1	808	347855
scaff_group001	JAEPEU010007017.1	808	348663
scaff_group001	JAEPEU010007835.1	808	349471
scaff_group001	JAEPEU010007335.1	811	350282
scaff_group001	JAEPEU010003475.1	812	351094
scaff_group001	JAEPEU010008665.1	812	351906
scaff_group001	JAEPEU010007115.1	813	352719
scaff_group001	JAEPEU010004104.1	814	353533
scaff_group001	JAEPEU010007900.1	814	354347
scaff_group001	JAEPEU010007441.1	815	355162
scaff_group001	JAEPEU010003388.1	816	355978
scaff_group001	JAEPEU010009913.1	817	356795
scaff_group001	JAEPEU010003596.1	817	357612
scaff_group001	JAEPEU010003202.1	818	358430
scaff_group001	JAEPEU010003269.1	819	359249
scaff_group001	JAEPEU010000855.1	819	360068
scaff_group001	JAEPEU010008841.1	819	360887
scaff_group001	JAEPEU010009386.1	820	361707
scaff_group001	JAEPEU010000156.1	820	362527
scaff_group001	JAEPEU010003015.1	820	363347
scaff_group001	JAEPEU010003212.1	820	364167
scaff_group001	JAEPEU010004311.1	820	364987
scaff_group001	JAEPEU010004175.1	821	365808
scaff_group001	JAEPEU010003088.1	821	366629
scaff_group001	JAEPEU010005393.1	822	367451
scaff_group001	JAEPEU010001219.1	822	368273
scaff_group001	JAEPEU010001701.1	823	369096
scaff_group001	JAEPEU010002244.1	824	369920
scaff_group001	JAEPEU010005768.1	824	370744
scaff_group001	JAEPEU010009594.1	826	371570
scaff_group001	JAEPEU010009505.1	828	372398
scaff_group001	JAEPEU010001480.1	830	373228
scaff_group001	JAEPEU010004394.1	830	374058
scaff_group001	JAEPEU010000396.1	831	374889
scaff_group001	JAEPEU010004189.1	832	375721
scaff_group001	JAEPEU010001305.1	833	376554
scaff_group001	JAEPEU010003603.1	833	377387
scaff_group001	JAEPEU010002480.1	834	378221
scaff_group001	JAEPEU010001675.1	835	379056
scaff_group001	JAEPEU010004006.1	836	379892
scaff_group001	JAEPEU010005059.1	836	380728
scaff_group001	JAEPEU010000131.1	838	381566
scaff_group001	JAEPEU010004313.1	838	382404
scaff_group001	JAEPEU010005633.1	838	383242
scaff_group001	JAEPEU010009246.1	839	384081
scaff_group001	JAEPEU010005361.1	840	384921
scaff_group001	JAEPEU010007033.1	842	385763
scaff_group001	JAEPEU010003440.1	842	386605
scaff_group001	JAEPEU010008446.1	843	387448
scaff_group001	JAEPEU010002407.1	845	388293
scaff_group001	JAEPEU010003656.1	846	389139
scaff_group001	JAEPEU010005348.1	847	389986
scaff_group001	JAEPEU010002510.1	848	390834
scaff_group001	JAEPEU010007771.1	850	391684
scaff_group001	JAEPEU010001358.1	851	392535
scaff_group001	JAEPEU010002007.1	852	393387
scaff_group001	JAEPEU010004029.1	854	394241
scaff_group001	JAEPEU010008225.1	857	395098
scaff_group001	JAEPEU010004280.1	859	395957
scaff_group001	JAEPEU010004660.1	860	396817
scaff_group001	JAEPEU010009168.1	860	397677
scaff_group001	JAEPEU010001159.1	862	398539
scaff_group001	JAEPEU010002463.1	862	399401
scaff_group001	JAEPEU010005392.1	865	400266
scaff_group001	JAEPEU010002965.1	866	401132
scaff_group001	JAEPEU010003322.1	866	401998
scaff_group001	JAEPEU010005736.1	868	402866
scaff_group001	JAEPEU010003556.1	871	403737
scaff_group001	JAEPEU010008796.1	871	404608
scaff_group001	JAEPEU010002442.1	872	405480
scaff_group001	JAEPEU010003403.1	872	406352
scaff_group001	JAEPEU010007695.1	873	407225
scaff_group001	JAEPEU010004025.1	874	408099
scaff_group001	JAEPEU010009295.1	874	408973
scaff_group001	JAEPEU010003255.1	875	409848
scaff_group001	JAEPEU010002911.1	876	410724
scaff_group001	JAEPEU010006570.1	876	411600
scaff_group001	JAEPEU010001442.1	877	412477
scaff_group001	JAEPEU010008000.1	877	413354
scaff_group001	JAEPEU010005251.1	878	414232
scaff_group001	JAEPEU010002460.1	878	415110
scaff_group001	JAEPEU010002375.1	879	415989
scaff_group001	JAEPEU010009072.1	881	416870
scaff_group001	JAEPEU010009133.1	883	417753
scaff_group001	JAEPEU010006602.1	884	418637
scaff_group001	JAEPEU010004880.1	885	419522
scaff_group001	JAEPEU010005142.1	885	420407
scaff_group001	JAEPEU010004028.1	887	421294
scaff_group001	JAEPEU010006369.1	889	422183
scaff_group001	JAEPEU010000272.1	889	423072
scaff_group001	JAEPEU010004073.1	890	423962
scaff_group001	JAEPEU010006751.1	890	424852
scaff_group001	JAEPEU010009408.1	891	425743
scaff_group001	JAEPEU010001382.1	891	426634
scaff_group001	JAEPEU010003061.1	891	427525
scaff_group001	JAEPEU010003046.1	892	428417
scaff_group001	JAEPEU010001189.1	894	429311
scaff_group001	JAEPEU010006899.1	895	430206
scaff_group001	JAEPEU010002028.1	896	431102
scaff_group001	JAEPEU010003923.1	896	431998
scaff_group001	JAEPEU010002451.1	898	432896
scaff_group001	JAEPEU010000934.1	900	433796
scaff_group001	JAEPEU010008612.1	900	434696
scaff_group001	JAEPEU010003081.1	901	435597
scaff_group001	JAEPEU010003954.1	901	436498
scaff_group001	JAEPEU010001129.1	902	437400
scaff_group001	JAEPEU010007174.1	902	438302
scaff_group001	JAEPEU010001396.1	903	439205
scaff_group001	JAEPEU010007246.1	903	440108
scaff_group001	JAEPEU010003504.1	904	441012
scaff_group001	JAEPEU010003532.1	904	441916
scaff_group001	JAEPEU010003981.1	904	442820
scaff_group001	JAEPEU010008706.1	904	443724
scaff_group001	JAEPEU010009028.1	905	444629
scaff_group001	JAEPEU010009122.1	905	445534
scaff_group001	JAEPEU010004776.1	906	446440
scaff_group001	JAEPEU010009287.1	906	447346
scaff_group001	JAEPEU010002427.1	909	448255
scaff_group001	JAEPEU010005276.1	910	449165
scaff_group001	JAEPEU010003991.1	910	450075
scaff_group001	JAEPEU010006273.1	910	450985
scaff_group001	JAEPEU010009764.1	911	451896
scaff_group001	JAEPEU010001301.1	911	452807
scaff_group001	JAEPEU010002762.1	911	453718
scaff_group001	JAEPEU010003553.1	911	454629
scaff_group001	JAEPEU010004563.1	911	455540
scaff_group001	JAEPEU010002256.1	912	456452
scaff_group001	JAEPEU010005474.1	914	457366
scaff_group001	JAEPEU010009888.1	914	458280
scaff_group001	JAEPEU010001957.1	914	459194
scaff_group001	JAEPEU010006429.1	914	460108
scaff_group001	JAEPEU010007664.1	915	461023
scaff_group001	JAEPEU010002107.1	915	461938
scaff_group001	JAEPEU010000759.1	915	462853
scaff_group001	JAEPEU010004509.1	916	463769
scaff_group001	JAEPEU010006952.1	917	464686
scaff_group001	JAEPEU010002998.1	918	465604
scaff_group001	JAEPEU010007037.1	919	466523
scaff_group001	JAEPEU010002468.1	919	467442
scaff_group001	JAEPEU010006382.1	920	468362
scaff_group001	JAEPEU010007418.1	920	469282
scaff_group001	JAEPEU010005133.1	921	470203
scaff_group001	JAEPEU010009011.1	921	471124
scaff_group001	JAEPEU010004193.1	923	472047
scaff_group001	JAEPEU010008380.1	925	472972
scaff_group001	JAEPEU010001628.1	926	473898
scaff_group001	JAEPEU010002170.1	926	474824
scaff_group001	JAEPEU010002670.1	927	475751
scaff_group001	JAEPEU010002755.1	927	476678
scaff_group001	JAEPEU010004060.1	928	477606
scaff_group001	JAEPEU010009030.1	928	478534
scaff_group001	JAEPEU010000169.1	929	479463
scaff_group001	JAEPEU010003524.1	930	480393
scaff_group001	JAEPEU010002633.1	931	481324
scaff_group001	JAEPEU010001509.1	932	482256
scaff_group001	JAEPEU010008116.1	932	483188
scaff_group001	JAEPEU010008365.1	932	484120
scaff_group001	JAEPEU010004923.1	933	485053
scaff_group001	JAEPEU010002140.1	934	485987
scaff_group001	JAEPEU010004842.1	935	486922
scaff_group001	JAEPEU010001793.1	935	487857
scaff_group001	JAEPEU010007820.1	935	488792
scaff_group001	JAEPEU010000801.1	937	489729
scaff_group001	JAEPEU010004635.1	938	490667
scaff_group001	JAEPEU010009373.1	944	491611
scaff_group001	JAEPEU010003577.1	944	492555
scaff_group001	JAEPEU010003844.1	944	493499
scaff_group001	JAEPEU010007706.1	945	494444
scaff_group001	JAEPEU010003339.1	945	495389
scaff_group001	JAEPEU010000690.1	945	496334
scaff_group001	JAEPEU010009617.1	951	497285
scaff_group001	JAEPEU010001378.1	951	498236
scaff_group001	JAEPEU010003663.1	951	499187
scaff_group001	JAEPEU010003672.1	952	500139
scaff_group001	JAEPEU010003730.1	952	501091
scaff_group001	JAEPEU010001517.1	954	502045
scaff_group001	JAEPEU010005315.1	955	503000
scaff_group001	JAEPEU010004918.1	957	503957
scaff_group001	JAEPEU010001762.1	958	504915
scaff_group001	JAEPEU010002846.1	959	505874
scaff_group001	JAEPEU010006364.1	961	506835
scaff_group001	JAEPEU010008121.1	962	507797
scaff_group001	JAEPEU010002015.1	967	508764
scaff_group001	JAEPEU010004961.1	968	509732
scaff_group001	JAEPEU010002149.1	970	510702
scaff_group001	JAEPEU010000420.1	971	511673
scaff_group001	JAEPEU010002176.1	971	512644
scaff_group001	JAEPEU010002861.1	974	513618
scaff_group001	JAEPEU010002906.1	974	514592
scaff_group001	JAEPEU010007579.1	974	515566
scaff_group001	JAEPEU010005756.1	976	516542
scaff_group001	JAEPEU010001845.1	978	517520
scaff_group001	JAEPEU010002780.1	978	518498
scaff_group001	JAEPEU010003287.1	979	519477
scaff_group001	JAEPEU010008505.1	979	520456
scaff_group001	JAEPEU010008512.1	979	521435
scaff_group001	JAEPEU010004281.1	980	522415
scaff_group001	JAEPEU010000123.1	983	523398
scaff_group001	JAEPEU010001615.1	985	524383
scaff_group001	JAEPEU010004791.1	985	525368
scaff_group001	JAEPEU010000118.1	986	526354
scaff_group001	JAEPEU010004428.1	987	527341
scaff_group001	JAEPEU010008396.1	990	528331
scaff_group001	JAEPEU010002171.1	995	529326
scaff_group001	JAEPEU010004123.1	996	530322
scaff_group001	JAEPEU010009948.1	996	531318
scaff_group001	JAEPEU010003393.1	999	532317
scaff_group001	JAEPEU010002971.1	1000	533317
scaff_group001	JAEPEU010009883.1	1001	534318
scaff_group001	JAEPEU010009212.1	1004	535322
scaff_group001	JAEPEU010009778.1	1005	536327
scaff_group001	JAEPEU010004643.1	1006	537333
scaff_group001	JAEPEU010008364.1	1006	538339
scaff_group001	JAEPEU010000724.1	1008	539347
scaff_group001	JAEPEU010000509.1	1010	540357
scaff_group001	JAEPEU010001359.1	1012	541369
scaff_group001	JAEPEU010007302.1	1013	542382
scaff_group001	JAEPEU010006083.1	1015	543397
scaff_group001	JAEPEU010003783.1	1017	544414
scaff_group001	JAEPEU010002881.1	1019	545433
scaff_group001	JAEPEU010003686.1	1020	546453
scaff_group001	JAEPEU010002212.1	1021	547474
scaff_group001	JAEPEU010003218.1	1021	548495
scaff_group001	JAEPEU010004235.1	1023	549518
scaff_group001	JAEPEU010005770.1	1028	550546
scaff_group001	JAEPEU010008175.1	1031	551577
scaff_group001	JAEPEU010001228.1	1033	552610
scaff_group001	JAEPEU010003365.1	1033	553643
scaff_group001	JAEPEU010000933.1	1034	554677
scaff_group001	JAEPEU010001592.1	1035	555712
scaff_group001	JAEPEU010001975.1	1035	556747
scaff_group001	JAEPEU010002282.1	1036	557783
scaff_group001	JAEPEU010008089.1	1036	558819
scaff_group001	JAEPEU010003833.1	1039	559858
scaff_group001	JAEPEU010002166.1	1042	560900
scaff_group001	JAEPEU010002397.1	1042	561942
scaff_group001	JAEPEU010005924.1	1042	562984
scaff_group001	JAEPEU010005753.1	1043	564027
scaff_group001	JAEPEU010004314.1	1043	565070
scaff_group001	JAEPEU010003866.1	1045	566115
scaff_group001	JAEPEU010001667.1	1047	567162
scaff_group001	JAEPEU010004615.1	1048	568210
scaff_group001	JAEPEU010008817.1	1049	569259
scaff_group001	JAEPEU010009536.1	1052	570311
scaff_group001	JAEPEU010002182.1	1053	571364
scaff_group001	JAEPEU010009604.1	1055	572419
scaff_group001	JAEPEU010001868.1	1055	573474
scaff_group001	JAEPEU010005763.1	1055	574529
scaff_group001	JAEPEU010000301.1	1057	575586
scaff_group001	JAEPEU010004455.1	1057	576643
scaff_group001	JAEPEU010005043.1	1057	577700
scaff_group001	JAEPEU010002852.1	1058	578758
scaff_group001	JAEPEU010007624.1	1059	579817
scaff_group001	JAEPEU010004174.1	1060	580877
scaff_group001	JAEPEU010000105.1	1060	581937
scaff_group001	JAEPEU010001164.1	1060	582997
scaff_group001	JAEPEU010001502.1	1062	584059
scaff_group001	JAEPEU010003739.1	1063	585122
scaff_group001	JAEPEU010004372.1	1063	586185
scaff_group001	JAEPEU010002607.1	1064	587249
scaff_group001	JAEPEU010003037.1	1065	588314
scaff_group001	JAEPEU010004309.1	1065	589379
scaff_group001	JAEPEU010003903.1	1066	590445
scaff_group001	JAEPEU010000296.1	1068	591513
scaff_group001	JAEPEU010003621.1	1070	592583
scaff_group001	JAEPEU010008370.1	1071	593654
scaff_group001	JAEPEU010003010.1	1073	594727
scaff_group001	JAEPEU010004601.1	1074	595801
scaff_group001	JAEPEU010008822.1	1075	596876
scaff_group001	JAEPEU010008904.1	1075	597951
scaff_group001	JAEPEU010004440.1	1076	599027
scaff_group001	JAEPEU010005091.1	1078	600105
scaff_group001	JAEPEU010003283.1	1079	601184
scaff_group001	JAEPEU010006877.1	1081	602265
scaff_group001	JAEPEU010007655.1	1081	603346
scaff_group001	JAEPEU010009060.1	1081	604427
scaff_group001	JAEPEU010005001.1	1082	605509
scaff_group001	JAEPEU010001744.1	1083	606592
scaff_group001	JAEPEU010002890.1	1083	607675
scaff_group001	JAEPEU010000811.1	1083	608758
scaff_group001	JAEPEU010004479.1	1085	609843
scaff_group001	JAEPEU010001366.1	1088	610931
scaff_group001	JAEPEU010001434.1	1089	612020
scaff_group001	JAEPEU010003025.1	1090	613110
scaff_group001	JAEPEU010005645.1	1090	614200
scaff_group001	JAEPEU010009581.1	1091	615291
scaff_group001	JAEPEU010003455.1	1091	616382
scaff_group001	JAEPEU010001269.1	1095	617477
scaff_group001	JAEPEU010002993.1	1097	618574
scaff_group001	JAEPEU010009318.1	1098	619672
scaff_group001	JAEPEU010003884.1	1098	620770
scaff_group001	JAEPEU010008102.1	1100	621870
scaff_group001	JAEPEU010000112.1	1101	622971
scaff_group001	JAEPEU010004327.1	1102	624073
scaff_group001	JAEPEU010004650.1	1103	625176
scaff_group001	JAEPEU010009452.1	1103	626279
scaff_group001	JAEPEU010005811.1	1103	627382
scaff_group001	JAEPEU010009572.1	1104	628486
scaff_group001	JAEPEU010004012.1	1104	629590
scaff_group001	JAEPEU010004303.1	1104	630694
scaff_group001	JAEPEU010003657.1	1106	631800
scaff_group001	JAEPEU010004823.1	1107	632907
scaff_group001	JAEPEU010009893.1	1108	634015
scaff_group001	JAEPEU010002522.1	1108	635123
scaff_group001	JAEPEU010003277.1	1110	636233
scaff_group001	JAEPEU010009347.1	1111	637344
scaff_group001	JAEPEU010008462.1	1112	638456
scaff_group001	JAEPEU010009387.1	1113	639569
scaff_group001	JAEPEU010002126.1	1113	640682
scaff_group001	JAEPEU010000828.1	1115	641797
scaff_group001	JAEPEU010007105.1	1116	642913
scaff_group001	JAEPEU010003802.1	1117	644030
scaff_group001	JAEPEU010005830.1	1117	645147
scaff_group001	JAEPEU010002492.1	1118	646265
scaff_group001	JAEPEU010005490.1	1120	647385
scaff_group001	JAEPEU010009531.1	1120	648505
scaff_group001	JAEPEU010009607.1	1120	649625
scaff_group001	JAEPEU010008515.1	1120	650745
scaff_group001	JAEPEU010002081.1	1123	651868
scaff_group001	JAEPEU010009889.1	1125	652993
scaff_group001	JAEPEU010003554.1	1129	654122
scaff_group001	JAEPEU010005936.1	1132	655254
scaff_group001	JAEPEU010007074.1	1133	656387
scaff_group001	JAEPEU010003456.1	1133	657520
scaff_group001	JAEPEU010005007.1	1133	658653
scaff_group001	JAEPEU010002365.1	1135	659788
scaff_group001	JAEPEU010004187.1	1135	660923
scaff_group001	JAEPEU010004400.1	1136	662059
scaff_group001	JAEPEU010004511.1	1136	663195
scaff_group001	JAEPEU010007368.1	1136	664331
scaff_group001	JAEPEU010009233.1	1138	665469
scaff_group001	JAEPEU010007081.1	1142	666611
scaff_group001	JAEPEU010003606.1	1142	667753
scaff_group001	JAEPEU010007341.1	1142	668895
scaff_group001	JAEPEU010004757.1	1143	670038
scaff_group001	JAEPEU010005730.1	1143	671181
scaff_group001	JAEPEU010002962.1	1145	672326
scaff_group001	JAEPEU010003598.1	1145	673471
scaff_group001	JAEPEU010000319.1	1146	674617
scaff_group001	JAEPEU010003627.1	1146	675763
scaff_group001	JAEPEU010005312.1	1147	676910
scaff_group001	JAEPEU010005448.1	1152	678062
scaff_group001	JAEPEU010009292.1	1153	679215
scaff_group001	JAEPEU010004861.1	1154	680369
scaff_group001	JAEPEU010000588.1	1155	681524
scaff_group001	JAEPEU010000910.1	1156	682680
scaff_group001	JAEPEU010008295.1	1156	683836
scaff_group001	JAEPEU010001640.1	1159	684995
scaff_group001	JAEPEU010001230.1	1163	686158
scaff_group001	JAEPEU010002413.1	1164	687322
scaff_group001	JAEPEU010003573.1	1165	688487
scaff_group001	JAEPEU010004002.1	1165	689652
scaff_group001	JAEPEU010009511.1	1166	690818
scaff_group001	JAEPEU010009323.1	1167	691985
scaff_group001	JAEPEU010008902.1	1168	693153
scaff_group001	JAEPEU010008727.1	1169	694322
scaff_group001	JAEPEU010000262.1	1170	695492
scaff_group001	JAEPEU010003549.1	1171	696663
scaff_group001	JAEPEU010007714.1	1172	697835
scaff_group001	JAEPEU010009874.1	1172	699007
scaff_group001	JAEPEU010005389.1	1175	700182
scaff_group001	JAEPEU010003075.1	1175	701357
scaff_group001	JAEPEU010003816.1	1175	702532
scaff_group001	JAEPEU010002644.1	1176	703708
scaff_group001	JAEPEU010009378.1	1178	704886
scaff_group001	JAEPEU010003067.1	1178	706064
scaff_group001	JAEPEU010003229.1	1178	707242
scaff_group001	JAEPEU010004267.1	1179	708421
scaff_group001	JAEPEU010008491.1	1179	709600
scaff_group001	JAEPEU010007919.1	1181	710781
scaff_group001	JAEPEU010007947.1	1181	711962
scaff_group001	JAEPEU010008144.1	1183	713145
scaff_group001	JAEPEU010003199.1	1185	714330
scaff_group001	JAEPEU010008936.1	1186	715516
scaff_group001	JAEPEU010009085.1	1186	716702
scaff_group001	JAEPEU010002661.1	1187	717889
scaff_group001	JAEPEU010002020.1	1188	719077
scaff_group001	JAEPEU010001407.1	1189	720266
scaff_group001	JAEPEU010009787.1	1190	721456
scaff_group001	JAEPEU010000400.1	1190	722646
scaff_group001	JAEPEU010003500.1	1192	723838
scaff_group001	JAEPEU010004365.1	1192	725030
scaff_group001	JAEPEU010003466.1	1193	726223
scaff_group001	JAEPEU010003580.1	1193	727416
scaff_group001	JAEPEU010004289.1	1194	728610
scaff_group001	JAEPEU010003794.1	1195	729805
scaff_group001	JAEPEU010004277.1	1196	731001
scaff_group001	JAEPEU010004876.1	1198	732199
scaff_group001	JAEPEU010003474.1	1199	733398
scaff_group001	JAEPEU010009516.1	1200	734598
scaff_group001	JAEPEU010001686.1	1200	735798
scaff_group001	JAEPEU010004293.1	1201	736999
scaff_group001	JAEPEU010009616.1	1202	738201
scaff_group001	JAEPEU010002991.1	1205	739406
scaff_group001	JAEPEU010003492.1	1205	740611
scaff_group001	JAEPEU010004075.1	1206	741817
scaff_group001	JAEPEU010007984.1	1207	743024
scaff_group001	JAEPEU010006827.1	1207	744231
scaff_group001	JAEPEU010008193.1	1207	745438
scaff_group001	JAEPEU010007518.1	1208	746646
scaff_group001	JAEPEU010004067.1	1209	747855
scaff_group001	JAEPEU010004378.1	1209	749064
scaff_group001	JAEPEU010005081.1	1210	750274
scaff_group001	JAEPEU010000197.1	1211	751485
scaff_group001	JAEPEU010005275.1	1211	752696
scaff_group001	JAEPEU010008245.1	1212	753908
scaff_group001	JAEPEU010003357.1	1212	755120
scaff_group001	JAEPEU010003434.1	1214	756334
scaff_group001	JAEPEU010003871.1	1216	757550
scaff_group001	JAEPEU010009902.1	1217	758767
scaff_group001	JAEPEU010005701.1	1219	759986
scaff_group001	JAEPEU010006760.1	1219	761205
scaff_group001	JAEPEU010007796.1	1222	762427
scaff_group001	JAEPEU010001828.1	1223	763650
scaff_group001	JAEPEU010002470.1	1223	764873
scaff_group001	JAEPEU010005461.1	1227	766100
scaff_group001	JAEPEU010004366.1	1227	767327
scaff_group001	JAEPEU010000297.1	1228	768555
scaff_group001	JAEPEU010006304.1	1228	769783
scaff_group001	JAEPEU010005754.1	1229	771012
scaff_group001	JAEPEU010009561.1	1229	772241
scaff_group001	JAEPEU010009917.1	1229	773470
scaff_group001	JAEPEU010002452.1	1229	774699
scaff_group001	JAEPEU010000747.1	1229	775928
scaff_group001	JAEPEU010002667.1	1230	777158
scaff_group001	JAEPEU010001722.1	1231	778389
scaff_group001	JAEPEU010008997.1	1231	779620
scaff_group001	JAEPEU010008202.1	1232	780852
scaff_group001	JAEPEU010003377.1	1233	782085
scaff_group001	JAEPEU010003836.1	1233	783318
scaff_group001	JAEPEU010008634.1	1233	784551
scaff_group001	JAEPEU010000164.1	1234	785785
scaff_group001	JAEPEU010007568.1	1235	787020
scaff_group001	JAEPEU010008052.1	1235	788255
scaff_group001	JAEPEU010009941.1	1237	789492
scaff_group001	JAEPEU010000592.1	1240	790732
scaff_group001	JAEPEU010004390.1	1242	791974
scaff_group001	JAEPEU010000429.1	1243	793217
scaff_group001	JAEPEU010001470.1	1244	794461
scaff_group001	JAEPEU010007314.1	1248	795709
scaff_group001	JAEPEU010007440.1	1250	796959
scaff_group001	JAEPEU010009283.1	1251	798210
scaff_group001	JAEPEU010007719.1	1252	799462
scaff_group001	JAEPEU010007948.1	1252	800714
scaff_group001	JAEPEU010004227.1	1253	801967
scaff_group001	JAEPEU010006056.1	1255	803222
scaff_group001	JAEPEU010002303.1	1260	804482
scaff_group001	JAEPEU010004004.1	1261	805743
scaff_group001	JAEPEU010008712.1	1261	807004
scaff_group001	JAEPEU010007338.1	1262	808266
scaff_group001	JAEPEU010008941.1	1263	809529
scaff_group001	JAEPEU010003674.1	1264	810793
scaff_group001	JAEPEU010009603.1	1265	812058
scaff_group001	JAEPEU010007102.1	1267	813325
scaff_group001	JAEPEU010001759.1	1267	814592
scaff_group001	JAEPEU010002972.1	1267	815859
scaff_group001	JAEPEU010004498.1	1267	817126
scaff_group001	JAEPEU010008501.1	1268	818394
scaff_group001	JAEPEU010003433.1	1269	819663
scaff_group001	JAEPEU010009899.1	1272	820935
scaff_group001	JAEPEU010007752.1	1273	822208
scaff_group001	JAEPEU010002306.1	1273	823481
scaff_group001	JAEPEU010006435.1	1278	824759
scaff_group001	JAEPEU010006271.1	1280	826039
scaff_group001	JAEPEU010002380.1	1280	827319
scaff_group001	JAEPEU010003976.1	1280	828599
scaff_group001	JAEPEU010007968.1	1282	829881
scaff_group001	JAEPEU010008853.1	1282	831163
scaff_group001	JAEPEU010008955.1	1283	832446
scaff_group001	JAEPEU010007717.1	1284	833730
scaff_group001	JAEPEU010004371.1	1284	835014
scaff_group001	JAEPEU010009327.1	1285	836299
scaff_group001	JAEPEU010007493.1	1285	837584
scaff_group001	JAEPEU010008715.1	1285	838869
scaff_group001	JAEPEU010008182.1	1287	840156
scaff_group001	JAEPEU010009330.1	1289	841445
scaff_group001	JAEPEU010002874.1	1289	842734
scaff_group001	JAEPEU010003605.1	1289	844023
scaff_group001	JAEPEU010007109.1	1290	845313
scaff_group001	JAEPEU010009299.1	1291	846604
scaff_group001	JAEPEU010000205.1	1292	847896
scaff_group001	JAEPEU010002523.1	1292	849188
scaff_group001	JAEPEU010007424.1	1294	850482
scaff_group001	JAEPEU010001816.1	1297	851779
scaff_group001	JAEPEU010003703.1	1297	853076
scaff_group001	JAEPEU010007394.1	1297	854373
scaff_group001	JAEPEU010009071.1	1297	855670
scaff_group001	JAEPEU010001763.1	1303	856973
scaff_group001	JAEPEU010007297.1	1303	858276
scaff_group001	JAEPEU010002363.1	1305	859581
scaff_group001	JAEPEU010004481.1	1305	860886
scaff_group001	JAEPEU010003452.1	1306	862192
scaff_group001	JAEPEU010003843.1	1309	863501
scaff_group001	JAEPEU010001469.1	1311	864812
scaff_group001	JAEPEU010007194.1	1311	866123
scaff_group001	JAEPEU010007694.1	1312	867435
scaff_group001	JAEPEU010002908.1	1315	868750
scaff_group001	JAEPEU010003514.1	1315	870065
scaff_group001	JAEPEU010004124.1	1317	871382
scaff_group001	JAEPEU010005263.1	1319	872701
scaff_group001	JAEPEU010002726.1	1320	874021
scaff_group001	JAEPEU010000673.1	1322	875343
scaff_group001	JAEPEU010009046.1	1322	876665
scaff_group001	JAEPEU010003298.1	1323	877988
scaff_group001	JAEPEU010002190.1	1324	879312
scaff_group001	JAEPEU010009126.1	1324	880636
scaff_group001	JAEPEU010003648.1	1325	881961
scaff_group001	JAEPEU010005237.1	1326	883287
scaff_group001	JAEPEU010001731.1	1326	884613
scaff_group001	JAEPEU010006245.1	1326	885939
scaff_group001	JAEPEU010009055.1	1326	887265
scaff_group001	JAEPEU010001166.1	1328	888593
scaff_group001	JAEPEU010007932.1	1330	889923
scaff_group001	JAEPEU010005305.1	1332	891255
scaff_group001	JAEPEU010003205.1	1333	892588
scaff_group001	JAEPEU010003851.1	1336	893924
scaff_group001	JAEPEU010003063.1	1337	895261
scaff_group001	JAEPEU010004463.1	1339	896600
scaff_group001	JAEPEU010007040.1	1340	897940
scaff_group001	JAEPEU010007064.1	1340	899280
scaff_group001	JAEPEU010003150.1	1340	900620
scaff_group001	JAEPEU010002304.1	1341	901961
scaff_group001	JAEPEU010003107.1	1345	903306
scaff_group001	JAEPEU010004528.1	1347	904653
scaff_group001	JAEPEU010002298.1	1348	906001
scaff_group001	JAEPEU010009052.1	1350	907351
scaff_group001	JAEPEU010003371.1	1351	908702
scaff_group001	JAEPEU010001452.1	1354	910056
scaff_group001	JAEPEU010005949.1	1356	911412
scaff_group001	JAEPEU010001149.1	1357	912769
scaff_group001	JAEPEU010004460.1	1357	914126
scaff_group001	JAEPEU010007264.1	1357	915483
scaff_group001	JAEPEU010004907.1	1358	916841
scaff_group001	JAEPEU010003666.1	1360	918201
scaff_group001	JAEPEU010008073.1	1366	919567
scaff_group001	JAEPEU010002386.1	1367	920934
scaff_group001	JAEPEU010006641.1	1368	922302
scaff_group001	JAEPEU010007651.1	1368	923670
scaff_group001	JAEPEU010008535.1	1368	925038
scaff_group001	JAEPEU010003516.1	1370	926408
scaff_group001	JAEPEU010008444.1	1371	927779
scaff_group001	JAEPEU010003846.1	1372	929151
scaff_group001	JAEPEU010004379.1	1372	930523
scaff_group001	JAEPEU010004115.1	1374	931897
scaff_group001	JAEPEU010009843.1	1377	933274
scaff_group001	JAEPEU010006571.1	1378	934652
scaff_group001	JAEPEU010008143.1	1378	936030
scaff_group001	JAEPEU010004832.1	1379	937409
scaff_group001	JAEPEU010004332.1	1381	938790
scaff_group001	JAEPEU010008935.1	1381	940171
scaff_group001	JAEPEU010005009.1	1382	941553
scaff_group001	JAEPEU010002825.1	1384	942937
scaff_group001	JAEPEU010006440.1	1385	944322
scaff_group001	JAEPEU010006530.1	1385	945707
scaff_group001	JAEPEU010000258.1	1386	947093
scaff_group001	JAEPEU010005583.1	1387	948480
scaff_group001	JAEPEU010002577.1	1389	949869
scaff_group001	JAEPEU010003239.1	1390	951259
scaff_group001	JAEPEU010008188.1	1390	952649
scaff_group001	JAEPEU010004291.1	1395	954044
scaff_group001	JAEPEU010007481.1	1395	955439
scaff_group001	JAEPEU010006910.1	1397	956836
scaff_group001	JAEPEU010002165.1	1401	958237
scaff_group001	JAEPEU010003033.1	1405	959642
scaff_group001	JAEPEU010001192.1	1406	961048
scaff_group001	JAEPEU010002788.1	1408	962456
scaff_group001	JAEPEU010001360.1	1410	963866
scaff_group001	JAEPEU010002030.1	1412	965278
scaff_group001	JAEPEU010009523.1	1413	966691
scaff_group001	JAEPEU010001521.1	1414	968105
scaff_group001	JAEPEU010004722.1	1415	969520
scaff_group001	JAEPEU010008402.1	1416	970936
scaff_group001	JAEPEU010008990.1	1421	972357
scaff_group001	JAEPEU010002064.1	1426	973783
scaff_group001	JAEPEU010001839.1	1430	975213
scaff_group001	JAEPEU010003898.1	1432	976645
scaff_group001	JAEPEU010004859.1	1436	978081
scaff_group001	JAEPEU010005370.1	1436	979517
scaff_group001	JAEPEU010001427.1	1436	980953
scaff_group001	JAEPEU010003832.1	1436	982389
scaff_group001	JAEPEU010002593.1	1437	983826
scaff_group001	JAEPEU010002944.1	1437	985263
scaff_group001	JAEPEU010009349.1	1440	986703
scaff_group001	JAEPEU010001827.1	1442	988145
scaff_group001	JAEPEU010007477.1	1442	989587
scaff_group001	JAEPEU010000762.1	1443	991030
scaff_group001	JAEPEU010006351.1	1443	992473
scaff_group001	JAEPEU010005309.1	1444	993917
scaff_group001	JAEPEU010002482.1	1444	995361
scaff_group001	JAEPEU010003780.1	1444	996805
scaff_group001	JAEPEU010004420.1	1447	998252
scaff_group001	JAEPEU010003372.1	1449	999701
scaff_group001	JAEPEU010000625.1	1450	1001151
scaff_group001	JAEPEU010001999.1	1450	1002601
scaff_group001	JAEPEU010003799.1	1450	1004051
scaff_group001	JAEPEU010004427.1	1451	1005502
scaff_group001	JAEPEU010009507.1	1454	1006956
scaff_group001	JAEPEU010006238.1	1454	1008410
scaff_group001	JAEPEU010004577.1	1454	1009864
scaff_group001	JAEPEU010001709.1	1456	1011320
scaff_group001	JAEPEU010004422.1	1458	1012778
scaff_group001	JAEPEU010006793.1	1458	1014236
scaff_group001	JAEPEU010000248.1	1460	1015696
scaff_group001	JAEPEU010007561.1	1462	1017158
scaff_group001	JAEPEU010003655.1	1464	1018622
scaff_group001	JAEPEU010002200.1	1467	1020089
scaff_group001	JAEPEU010009057.1	1473	1021562
scaff_group001	JAEPEU010006213.1	1475	1023037
scaff_group001	JAEPEU010008794.1	1476	1024513
scaff_group001	JAEPEU010001690.1	1481	1025994
scaff_group001	JAEPEU010002639.1	1481	1027475
scaff_group001	JAEPEU010001528.1	1482	1028957
scaff_group001	JAEPEU010003609.1	1482	1030439
scaff_group001	JAEPEU010001742.1	1484	1031923
scaff_group001	JAEPEU010004431.1	1484	1033407
scaff_group001	JAEPEU010003521.1	1485	1034892
scaff_group001	JAEPEU010001454.1	1486	1036378
scaff_group001	JAEPEU010004580.1	1487	1037865
scaff_group001	JAEPEU010003305.1	1490	1039355
scaff_group001	JAEPEU010009854.1	1492	1040847
scaff_group001	JAEPEU010003977.1	1493	1042340
scaff_group001	JAEPEU010008591.1	1494	1043834
scaff_group001	JAEPEU010008599.1	1494	1045328
scaff_group001	JAEPEU010007047.1	1498	1046826
scaff_group001	JAEPEU010003932.1	1498	1048324
scaff_group001	JAEPEU010001308.1	1502	1049826
scaff_group001	JAEPEU010008461.1	1502	1051328
scaff_group001	JAEPEU010007806.1	1503	1052831
scaff_group001	JAEPEU010008194.1	1504	1054335
scaff_group001	JAEPEU010002802.1	1507	1055842
scaff_group001	JAEPEU010002900.1	1509	1057351
scaff_group001	JAEPEU010003748.1	1510	1058861
scaff_group001	JAEPEU010000568.1	1512	1060373
scaff_group001	JAEPEU010006224.1	1513	1061886
scaff_group001	JAEPEU010003296.1	1514	1063400
scaff_group001	JAEPEU010006034.1	1514	1064914
scaff_group001	JAEPEU010000431.1	1515	1066429
scaff_group001	JAEPEU010008827.1	1515	1067944
scaff_group001	JAEPEU010007090.1	1516	1069460
scaff_group001	JAEPEU010007793.1	1516	1070976
scaff_group001	JAEPEU010007939.1	1516	1072492
scaff_group001	JAEPEU010002704.1	1517	1074009
scaff_group001	JAEPEU010008967.1	1517	1075526
scaff_group001	JAEPEU010001441.1	1518	1077044
scaff_group001	JAEPEU010007039.1	1520	1078564
scaff_group001	JAEPEU010001206.1	1524	1080088
scaff_group001	JAEPEU010001162.1	1525	1081613
scaff_group001	JAEPEU010003137.1	1525	1083138
scaff_group001	JAEPEU010002784.1	1526	1084664
scaff_group001	JAEPEU010000398.1	1527	1086191
scaff_group001	JAEPEU010009359.1	1528	1087719
scaff_group001	JAEPEU010002213.1	1528	1089247
scaff_group001	JAEPEU010009810.1	1529	1090776
scaff_group001	JAEPEU010002750.1	1530	1092306
scaff_group001	JAEPEU010003337.1	1531	1093837
scaff_group001	JAEPEU010005414.1	1531	1095368
scaff_group001	JAEPEU010008313.1	1531	1096899
scaff_group001	JAEPEU010007191.1	1534	1098433
scaff_group001	JAEPEU010001753.1	1535	1099968
scaff_group001	JAEPEU010001824.1	1536	1101504
scaff_group001	JAEPEU010003649.1	1536	1103040
scaff_group001	JAEPEU010003696.1	1536	1104576
scaff_group001	JAEPEU010003323.1	1537	1106113
scaff_group001	JAEPEU010002919.1	1538	1107651
scaff_group001	JAEPEU010008604.1	1539	1109190
scaff_group001	JAEPEU010001810.1	1540	1110730
scaff_group001	JAEPEU010003633.1	1540	1112270
scaff_group001	JAEPEU010001317.1	1541	1113811
scaff_group001	JAEPEU010001987.1	1542	1115353
scaff_group001	JAEPEU010003134.1	1543	1116896
scaff_group001	JAEPEU010002232.1	1545	1118441
scaff_group001	JAEPEU010002420.1	1546	1119987
scaff_group001	JAEPEU010005826.1	1547	1121534
scaff_group001	JAEPEU010006993.1	1547	1123081
scaff_group001	JAEPEU010004247.1	1549	1124630
scaff_group001	JAEPEU010002600.1	1552	1126182
scaff_group001	JAEPEU010003538.1	1555	1127737
scaff_group001	JAEPEU010001963.1	1557	1129294
scaff_group001	JAEPEU010003058.1	1560	1130854
scaff_group001	JAEPEU010002684.1	1561	1132415
scaff_group001	JAEPEU010009885.1	1562	1133977
scaff_group001	JAEPEU010007155.1	1563	1135540
scaff_group001	JAEPEU010006226.1	1563	1137103
scaff_group001	JAEPEU010008728.1	1566	1138669
scaff_group001	JAEPEU010002632.1	1569	1140238
scaff_group001	JAEPEU010007386.1	1570	1141808
scaff_group001	JAEPEU010001832.1	1572	1143380
scaff_group001	JAEPEU010004001.1	1573	1144953
scaff_group001	JAEPEU010007405.1	1574	1146527
scaff_group001	JAEPEU010009348.1	1575	1148102
scaff_group001	JAEPEU010007712.1	1576	1149678
scaff_group001	JAEPEU010000185.1	1578	1151256
scaff_group001	JAEPEU010008893.1	1581	1152837
scaff_group001	JAEPEU010003968.1	1583	1154420
scaff_group001	JAEPEU010001436.1	1584	1156004
scaff_group001	JAEPEU010003723.1	1585	1157589
scaff_group001	JAEPEU010006662.1	1587	1159176
scaff_group001	JAEPEU010009018.1	1587	1160763
scaff_group001	JAEPEU010003612.1	1588	1162351
scaff_group001	JAEPEU010003653.1	1588	1163939
scaff_group001	JAEPEU010001586.1	1592	1165531
scaff_group001	JAEPEU010004407.1	1592	1167123
scaff_group001	JAEPEU010007009.1	1593	1168716
scaff_group001	JAEPEU010002657.1	1594	1170310
scaff_group001	JAEPEU010005632.1	1594	1171904
scaff_group001	JAEPEU010008340.1	1594	1173498
scaff_group001	JAEPEU010002744.1	1597	1175095
scaff_group001	JAEPEU010004902.1	1602	1176697
scaff_group001	JAEPEU010008367.1	1603	1178300
scaff_group001	JAEPEU010005132.1	1605	1179905
scaff_group001	JAEPEU010009214.1	1609	1181514
scaff_group001	JAEPEU010003224.1	1609	1183123
scaff_group001	JAEPEU010008692.1	1609	1184732
scaff_group001	JAEPEU010004885.1	1610	1186342
scaff_group001	JAEPEU010009315.1	1611	1187953
scaff_group001	JAEPEU010003584.1	1611	1189564
scaff_group001	JAEPEU010008868.1	1611	1191175
scaff_group001	JAEPEU010000182.1	1613	1192788
scaff_group001	JAEPEU010008332.1	1613	1194401
scaff_group001	JAEPEU010003922.1	1615	1196016
scaff_group001	JAEPEU010003213.1	1617	1197633
scaff_group001	JAEPEU010004301.1	1620	1199253
scaff_group001	JAEPEU010004794.1	1621	1200874
scaff_group001	JAEPEU010002071.1	1623	1202497
scaff_group001	JAEPEU010004733.1	1623	1204120
scaff_group001	JAEPEU010004850.1	1628	1205748
scaff_group001	JAEPEU010002354.1	1628	1207376
scaff_group001	JAEPEU010000586.1	1632	1209008
scaff_group001	JAEPEU010003881.1	1632	1210640
scaff_group001	JAEPEU010004264.1	1632	1212272
scaff_group001	JAEPEU010005169.1	1632	1213904
scaff_group001	JAEPEU010004499.1	1633	1215537
scaff_group001	JAEPEU010007210.1	1635	1217172
scaff_group001	JAEPEU010006923.1	1636	1218808
scaff_group001	JAEPEU010004989.1	1640	1220448
scaff_group001	JAEPEU010005330.1	1643	1222091
scaff_group001	JAEPEU010008873.1	1645	1223736
scaff_group001	JAEPEU010009009.1	1645	1225381
scaff_group001	JAEPEU010009846.1	1646	1227027
scaff_group001	JAEPEU010003967.1	1652	1228679
scaff_group001	JAEPEU010003763.1	1653	1230332
scaff_group001	JAEPEU010004739.1	1656	1231988
scaff_group001	JAEPEU010003072.1	1656	1233644
scaff_group001	JAEPEU010004916.1	1658	1235302
scaff_group001	JAEPEU010002714.1	1659	1236961
scaff_group001	JAEPEU010003520.1	1659	1238620
scaff_group001	JAEPEU010007423.1	1659	1240279
scaff_group001	JAEPEU010009026.1	1659	1241938
scaff_group001	JAEPEU010008694.1	1662	1243600
scaff_group001	JAEPEU010003463.1	1663	1245263
scaff_group001	JAEPEU010001299.1	1665	1246928
scaff_group001	JAEPEU010004847.1	1667	1248595
scaff_group001	JAEPEU010004261.1	1667	1250262
scaff_group001	JAEPEU010001001.1	1668	1251930
scaff_group001	JAEPEU010003789.1	1669	1253599
scaff_group001	JAEPEU010000911.1	1670	1255269
scaff_group001	JAEPEU010004348.1	1671	1256940
scaff_group001	JAEPEU010009779.1	1672	1258612
scaff_group001	JAEPEU010001794.1	1674	1260286
scaff_group001	JAEPEU010002618.1	1678	1261964
scaff_group001	JAEPEU010004466.1	1678	1263642
scaff_group001	JAEPEU010001677.1	1681	1265323
scaff_group001	JAEPEU010003537.1	1683	1267006
scaff_group001	JAEPEU010003807.1	1684	1268690
scaff_group001	JAEPEU010006804.1	1685	1270375
scaff_group001	JAEPEU010002905.1	1690	1272065
scaff_group001	JAEPEU010004927.1	1690	1273755
scaff_group001	JAEPEU010003116.1	1696	1275451
scaff_group001	JAEPEU010000919.1	1697	1277148
scaff_group001	JAEPEU010004508.1	1700	1278848
scaff_group001	JAEPEU010003785.1	1701	1280549
scaff_group001	JAEPEU010004770.1	1703	1282252
scaff_group001	JAEPEU010001409.1	1704	1283956
scaff_group001	JAEPEU010002954.1	1704	1285660
scaff_group001	JAEPEU010003411.1	1704	1287364
scaff_group001	JAEPEU010006567.1	1707	1289071
scaff_group001	JAEPEU010000597.1	1709	1290780
scaff_group001	JAEPEU010004210.1	1709	1292489
scaff_group001	JAEPEU010003289.1	1710	1294199
scaff_group001	JAEPEU010007244.1	1710	1295909
scaff_group001	JAEPEU010000313.1	1713	1297622
scaff_group001	JAEPEU010004246.1	1713	1299335
scaff_group001	JAEPEU010006654.1	1715	1301050
scaff_group001	JAEPEU010002219.1	1717	1302767
scaff_group001	JAEPEU010006891.1	1717	1304484
scaff_group001	JAEPEU010003480.1	1719	1306203
scaff_group001	JAEPEU010000245.1	1721	1307924
scaff_group001	JAEPEU010000124.1	1721	1309645
scaff_group001	JAEPEU010009922.1	1723	1311368
scaff_group001	JAEPEU010003782.1	1723	1313091
scaff_group001	JAEPEU010004990.1	1724	1314815
scaff_group001	JAEPEU010007146.1	1725	1316540
scaff_group001	JAEPEU010003330.1	1725	1318265
scaff_group001	JAEPEU010004294.1	1726	1319991
scaff_group001	JAEPEU010004326.1	1726	1321717
scaff_group001	JAEPEU010006484.1	1728	1323445
scaff_group001	JAEPEU010007142.1	1731	1325176
scaff_group001	JAEPEU010004224.1	1731	1326907
scaff_group001	JAEPEU010003876.1	1734	1328641
scaff_group001	JAEPEU010003877.1	1736	1330377
scaff_group001	JAEPEU010007447.1	1741	1332118
scaff_group001	JAEPEU010006099.1	1742	1333860
scaff_group001	JAEPEU010008298.1	1742	1335602
scaff_group001	JAEPEU010002552.1	1744	1337346
scaff_group001	JAEPEU010002606.1	1744	1339090
scaff_group001	JAEPEU010002537.1	1747	1340837
scaff_group001	JAEPEU010007659.1	1747	1342584
scaff_group001	JAEPEU010004119.1	1750	1344334
scaff_group001	JAEPEU010002341.1	1753	1346087
scaff_group001	JAEPEU010000270.1	1756	1347843
scaff_group001	JAEPEU010000999.1	1757	1349600
scaff_group001	JAEPEU010008403.1	1759	1351359
scaff_group001	JAEPEU010000607.1	1760	1353119
scaff_group001	JAEPEU010007219.1	1761	1354880
scaff_group001	JAEPEU010003406.1	1763	1356643
scaff_group001	JAEPEU010005942.1	1763	1358406
scaff_group001	JAEPEU010007511.1	1763	1360169
scaff_group001	JAEPEU010005321.1	1765	1361934
scaff_group001	JAEPEU010009789.1	1765	1363699
scaff_group001	JAEPEU010003831.1	1765	1365464
scaff_group001	JAEPEU010001401.1	1768	1367232
scaff_group001	JAEPEU010000161.1	1769	1369001
scaff_group001	JAEPEU010002168.1	1769	1370770
scaff_group001	JAEPEU010004763.1	1770	1372540
scaff_group001	JAEPEU010004543.1	1771	1374311
scaff_group001	JAEPEU010007888.1	1771	1376082
scaff_group001	JAEPEU010005269.1	1772	1377854
scaff_group001	JAEPEU010007842.1	1778	1379632
scaff_group001	JAEPEU010009240.1	1781	1381413
scaff_group001	JAEPEU010002202.1	1783	1383196
scaff_group001	JAEPEU010001150.1	1784	1384980
scaff_group001	JAEPEU010003534.1	1784	1386764
scaff_group001	JAEPEU010003729.1	1784	1388548
scaff_group001	JAEPEU010004228.1	1785	1390333
scaff_group001	JAEPEU010007799.1	1788	1392121
scaff_group001	JAEPEU010002860.1	1790	1393911
scaff_group001	JAEPEU010004368.1	1790	1395701
scaff_group001	JAEPEU010000681.1	1792	1397493
scaff_group001	JAEPEU010006194.1	1794	1399287
scaff_group001	JAEPEU010007435.1	1794	1401081
scaff_group001	JAEPEU010003587.1	1795	1402876
scaff_group001	JAEPEU010008421.1	1798	1404674
scaff_group001	JAEPEU010008231.1	1801	1406475
scaff_group001	JAEPEU010003417.1	1803	1408278
scaff_group001	JAEPEU010008174.1	1805	1410083
scaff_group001	JAEPEU010003670.1	1807	1411890
scaff_group001	JAEPEU010006366.1	1807	1413697
scaff_group001	JAEPEU010001991.1	1809	1415506
scaff_group001	JAEPEU010000140.1	1813	1417319
scaff_group001	JAEPEU010003928.1	1813	1419132
scaff_group001	JAEPEU010002869.1	1814	1420946
scaff_group001	JAEPEU010004464.1	1814	1422760
scaff_group001	JAEPEU010005983.1	1814	1424574
scaff_group001	JAEPEU010008468.1	1814	1426388
scaff_group001	JAEPEU010001740.1	1816	1428204
scaff_group001	JAEPEU010003787.1	1817	1430021
scaff_group001	JAEPEU010009596.1	1819	1431840
scaff_group001	JAEPEU010007512.1	1819	1433659
scaff_group001	JAEPEU010004891.1	1822	1435481
scaff_group001	JAEPEU010001279.1	1824	1437305
scaff_group001	JAEPEU010002508.1	1824	1439129
scaff_group001	JAEPEU010003085.1	1829	1440958
scaff_group001	JAEPEU010003680.1	1829	1442787
scaff_group001	JAEPEU010001887.1	1833	1444620
scaff_group001	JAEPEU010001293.1	1836	1446456
scaff_group001	JAEPEU010009693.1	1838	1448294
scaff_group001	JAEPEU010009510.1	1841	1450135
scaff_group001	JAEPEU010006268.1	1842	1451977
scaff_group001	JAEPEU010008198.1	1842	1453819
scaff_group001	JAEPEU010003569.1	1844	1455663
scaff_group001	JAEPEU010002453.1	1846	1457509
scaff_group001	JAEPEU010000087.1	1850	1459359
scaff_group001	JAEPEU010001157.1	1851	1461210
scaff_group001	JAEPEU010005074.1	1852	1463062
scaff_group001	JAEPEU010003849.1	1859	1464921
scaff_group001	JAEPEU010007870.1	1865	1466786
scaff_group001	JAEPEU010001172.1	1866	1468652
scaff_group001	JAEPEU010009300.1	1867	1470519
scaff_group001	JAEPEU010003271.1	1867	1472386
scaff_group001	JAEPEU010002966.1	1868	1474254
scaff_group001	JAEPEU010002469.1	1869	1476123
scaff_group001	JAEPEU010002880.1	1872	1477995
scaff_group001	JAEPEU010002988.1	1874	1479869
scaff_group001	JAEPEU010005574.1	1875	1481744
scaff_group001	JAEPEU010000610.1	1877	1483621
scaff_group001	JAEPEU010005130.1	1877	1485498
scaff_group001	JAEPEU010002216.1	1881	1487379
scaff_group001	JAEPEU010005264.1	1882	1489261
scaff_group001	JAEPEU010002915.1	1885	1491146
scaff_group001	JAEPEU010002022.1	1886	1493032
scaff_group001	JAEPEU010003552.1	1887	1494919
scaff_group001	JAEPEU010007218.1	1887	1496806
scaff_group001	JAEPEU010005404.1	1888	1498694
scaff_group001	JAEPEU010006834.1	1888	1500582
scaff_group001	JAEPEU010001422.1	1892	1502474
scaff_group001	JAEPEU010003188.1	1893	1504367
scaff_group001	JAEPEU010006179.1	1894	1506261
scaff_group001	JAEPEU010001083.1	1895	1508156
scaff_group001	JAEPEU010006810.1	1903	1510059
scaff_group001	JAEPEU010001494.1	1904	1511963
scaff_group001	JAEPEU010004054.1	1905	1513868
scaff_group001	JAEPEU010002100.1	1908	1515776
scaff_group001	JAEPEU010002818.1	1912	1517688
scaff_group001	JAEPEU010005193.1	1912	1519600
scaff_group001	JAEPEU010007247.1	1916	1521516
scaff_group001	JAEPEU010002332.1	1917	1523433
scaff_group001	JAEPEU010008564.1	1919	1525352
scaff_group001	JAEPEU010003511.1	1921	1527273
scaff_group001	JAEPEU010005433.1	1922	1529195
scaff_group001	JAEPEU010007452.1	1922	1531117
scaff_group001	JAEPEU010007734.1	1923	1533040
scaff_group001	JAEPEU010008779.1	1926	1534966
scaff_group001	JAEPEU010007775.1	1927	1536893
scaff_group001	JAEPEU010003958.1	1932	1538825
scaff_group001	JAEPEU010008034.1	1934	1540759
scaff_group001	JAEPEU010005443.1	1937	1542696
scaff_group001	JAEPEU010001204.1	1939	1544635
scaff_group001	JAEPEU010008458.1	1943	1546578
scaff_group001	JAEPEU010009414.1	1945	1548523
scaff_group001	JAEPEU010003720.1	1945	1550468
scaff_group001	JAEPEU010004430.1	1947	1552415
scaff_group001	JAEPEU010000171.1	1948	1554363
scaff_group001	JAEPEU010009835.1	1950	1556313
scaff_group001	JAEPEU010001437.1	1950	1558263
scaff_group001	JAEPEU010002315.1	1950	1560213
scaff_group001	JAEPEU010005842.1	1950	1562163
scaff_group001	JAEPEU010003793.1	1952	1564115
scaff_group001	JAEPEU010007343.1	1952	1566067
scaff_group001	JAEPEU010007492.1	1956	1568023
scaff_group001	JAEPEU010001858.1	1959	1569982
scaff_group001	JAEPEU010001616.1	1965	1571947
scaff_group001	JAEPEU010004129.1	1966	1573913
scaff_group001	JAEPEU010001518.1	1966	1575879
scaff_group001	JAEPEU010000418.1	1968	1577847
scaff_group001	JAEPEU010009448.1	1968	1579815
scaff_group001	JAEPEU010000582.1	1970	1581785
scaff_group001	JAEPEU010002611.1	1971	1583756
scaff_group001	JAEPEU010008427.1	1974	1585730
scaff_group001	JAEPEU010000833.1	1976	1587706
scaff_group001	JAEPEU010000511.1	1981	1589687
scaff_group001	JAEPEU010001388.1	1983	1591670
scaff_group001	JAEPEU010000599.1	1985	1593655
scaff_group001	JAEPEU010004352.1	1986	1595641
scaff_group001	JAEPEU010004473.1	1987	1597628
scaff_group001	JAEPEU010009163.1	1987	1599615
scaff_group001	JAEPEU010009394.1	1989	1601604
scaff_group001	JAEPEU010003902.1	1992	1603596
scaff_group001	JAEPEU010005475.1	1999	1605595
scaff_group001	JAEPEU010003776.1	1999	1607594
scaff_group001	JAEPEU010003129.1	2002	1609596
scaff_group001	JAEPEU010008537.1	2002	1611598
scaff_group001	JAEPEU010001877.1	2004	1613602
scaff_group001	JAEPEU010004978.1	2006	1615608
scaff_group001	JAEPEU010004864.1	2007	1617615
scaff_group001	JAEPEU010008887.1	2007	1619622
scaff_group001	JAEPEU010002314.1	2009	1621631
scaff_group001	JAEPEU010000242.1	2010	1623641
scaff_group001	JAEPEU010003797.1	2012	1625653
scaff_group001	JAEPEU010003975.1	2012	1627665
scaff_group001	JAEPEU010001171.1	2014	1629679
scaff_group001	JAEPEU010007971.1	2017	1631696
scaff_group001	JAEPEU010003069.1	2019	1633715
scaff_group001	JAEPEU010002342.1	2021	1635736
scaff_group001	JAEPEU010004434.1	2022	1637758
scaff_group001	JAEPEU010005338.1	2023	1639781
scaff_group001	JAEPEU010008536.1	2023	1641804
scaff_group001	JAEPEU010008896.1	2024	1643828
scaff_group001	JAEPEU010002594.1	2025	1645853
scaff_group001	JAEPEU010009282.1	2031	1647884
scaff_group001	JAEPEU010009614.1	2034	1649918
scaff_group001	JAEPEU010001710.1	2036	1651954
scaff_group001	JAEPEU010007136.1	2039	1653993
scaff_group001	JAEPEU010001546.1	2039	1656032
scaff_group001	JAEPEU010001907.1	2039	1658071
scaff_group001	JAEPEU010008602.1	2043	1660114
scaff_group001	JAEPEU010007063.1	2045	1662159
scaff_group001	JAEPEU010001207.1	2047	1664206
scaff_group001	JAEPEU010003288.1	2047	1666253
scaff_group001	JAEPEU010002945.1	2049	1668302
scaff_group001	JAEPEU010003547.1	2050	1670352
scaff_group001	JAEPEU010002806.1	2052	1672404
scaff_group001	JAEPEU010003345.1	2053	1674457
scaff_group001	JAEPEU010004453.1	2053	1676510
scaff_group001	JAEPEU010007158.1	2053	1678563
scaff_group001	JAEPEU010006558.1	2054	1680617
scaff_group001	JAEPEU010000189.1	2055	1682672
scaff_group001	JAEPEU010004591.1	2061	1684733
scaff_group001	JAEPEU010003572.1	2062	1686795
scaff_group001	JAEPEU010005420.1	2062	1688857
scaff_group001	JAEPEU010004346.1	2065	1690922
scaff_group001	JAEPEU010009851.1	2066	1692988
scaff_group001	JAEPEU010008659.1	2067	1695055
scaff_group001	JAEPEU010001752.1	2068	1697123
scaff_group001	JAEPEU010005384.1	2070	1699193
scaff_group001	JAEPEU010001139.1	2071	1701264
scaff_group001	JAEPEU010004127.1	2079	1703343
scaff_group001	JAEPEU010008840.1	2080	1705423
scaff_group001	JAEPEU010001848.1	2081	1707504
scaff_group001	JAEPEU010004853.1	2084	1709588
scaff_group001	JAEPEU010003536.1	2085	1711673
scaff_group001	JAEPEU010009657.1	2085	1713758
scaff_group001	JAEPEU010000364.1	2085	1715843
scaff_group001	JAEPEU010004027.1	2086	1717929
scaff_group001	JAEPEU010003820.1	2091	1720020
scaff_group001	JAEPEU010006441.1	2091	1722111
scaff_group001	JAEPEU010004825.1	2093	1724204
scaff_group001	JAEPEU010003491.1	2093	1726297
scaff_group001	JAEPEU010003757.1	2096	1728393
scaff_group001	JAEPEU010004732.1	2097	1730490
scaff_group001	JAEPEU010001498.1	2101	1732591
scaff_group001	JAEPEU010007259.1	2101	1734692
scaff_group001	JAEPEU010005300.1	2105	1736797
scaff_group001	JAEPEU010003819.1	2107	1738904
scaff_group001	JAEPEU010001373.1	2115	1741019
scaff_group001	JAEPEU010007062.1	2116	1743135
scaff_group001	JAEPEU010007078.1	2116	1745251
scaff_group001	JAEPEU010009352.1	2116	1747367
scaff_group001	JAEPEU010005359.1	2119	1749486
scaff_group001	JAEPEU010002284.1	2120	1751606
scaff_group001	JAEPEU010002109.1	2121	1753727
scaff_group001	JAEPEU010006684.1	2121	1755848
scaff_group001	JAEPEU010000618.1	2123	1757971
scaff_group001	JAEPEU010006783.1	2123	1760094
scaff_group001	JAEPEU010002608.1	2129	1762223
scaff_group001	JAEPEU010000176.1	2130	1764353
scaff_group001	JAEPEU010003468.1	2130	1766483
scaff_group001	JAEPEU010002489.1	2132	1768615
scaff_group001	JAEPEU010001983.1	2134	1770749
scaff_group001	JAEPEU010002317.1	2136	1772885
scaff_group001	JAEPEU010005909.1	2136	1775021
scaff_group001	JAEPEU010008541.1	2136	1777157
scaff_group001	JAEPEU010001329.1	2140	1779297
scaff_group001	JAEPEU010001535.1	2140	1781437
scaff_group001	JAEPEU010008318.1	2140	1783577
scaff_group001	JAEPEU010003765.1	2142	1785719
scaff_group001	JAEPEU010001296.1	2143	1787862
scaff_group001	JAEPEU010009364.1	2144	1790006
scaff_group001	JAEPEU010001142.1	2147	1792153
scaff_group001	JAEPEU010004567.1	2147	1794300
scaff_group001	JAEPEU010004194.1	2148	1796448
scaff_group001	JAEPEU010003373.1	2149	1798597
scaff_group001	JAEPEU010007295.1	2149	1800746
scaff_group001	JAEPEU010005460.1	2150	1802896
scaff_group001	JAEPEU010003639.1	2151	1805047
scaff_group001	JAEPEU010001565.1	2153	1807200
scaff_group001	JAEPEU010009945.1	2157	1809357
scaff_group001	JAEPEU010003149.1	2159	1811516
scaff_group001	JAEPEU010005270.1	2171	1813687
scaff_group001	JAEPEU010007361.1	2174	1815861
scaff_group001	JAEPEU010008306.1	2176	1818037
scaff_group001	JAEPEU010003883.1	2180	1820217
scaff_group001	JAEPEU010006990.1	2180	1822397
scaff_group001	JAEPEU010007612.1	2182	1824579
scaff_group001	JAEPEU010002398.1	2184	1826763
scaff_group001	JAEPEU010002260.1	2192	1828955
scaff_group001	JAEPEU010003347.1	2196	1831151
scaff_group001	JAEPEU010005126.1	2197	1833348
scaff_group001	JAEPEU010001515.1	2198	1835546
scaff_group001	JAEPEU010008544.1	2199	1837745
scaff_group001	JAEPEU010000593.1	2203	1839948
scaff_group001	JAEPEU010003448.1	2205	1842153
scaff_group001	JAEPEU010003200.1	2208	1844361
scaff_group001	JAEPEU010008443.1	2208	1846569
scaff_group001	JAEPEU010008065.1	2210	1848779
scaff_group001	JAEPEU010009928.1	2212	1850991
scaff_group001	JAEPEU010002967.1	2212	1853203
scaff_group001	JAEPEU010005649.1	2212	1855415
scaff_group001	JAEPEU010003220.1	2214	1857629
scaff_group001	JAEPEU010002697.1	2217	1859846
scaff_group001	JAEPEU010001346.1	2222	1862068
scaff_group001	JAEPEU010002769.1	2222	1864290
scaff_group001	JAEPEU010004273.1	2222	1866512
scaff_group001	JAEPEU010004419.1	2223	1868735
scaff_group001	JAEPEU010003166.1	2224	1870959
scaff_group001	JAEPEU010009895.1	2225	1873184
scaff_group001	JAEPEU010003392.1	2233	1875417
scaff_group001	JAEPEU010001438.1	2234	1877651
scaff_group001	JAEPEU010008288.1	2234	1879885
scaff_group001	JAEPEU010004237.1	2243	1882128
scaff_group001	JAEPEU010000181.1	2245	1884373
scaff_group001	JAEPEU010004731.1	2245	1886618
scaff_group001	JAEPEU010009277.1	2247	1888865
scaff_group001	JAEPEU010009340.1	2250	1891115
scaff_group001	JAEPEU010001901.1	2250	1893365
scaff_group001	JAEPEU010000312.1	2251	1895616
scaff_group001	JAEPEU010003545.1	2251	1897867
scaff_group001	JAEPEU010008885.1	2251	1900118
scaff_group001	JAEPEU010000111.1	2256	1902374
scaff_group001	JAEPEU010009908.1	2257	1904631
scaff_group001	JAEPEU010001581.1	2258	1906889
scaff_group001	JAEPEU010004053.1	2262	1909151
scaff_group001	JAEPEU010007374.1	2262	1911413
scaff_group001	JAEPEU010007382.1	2264	1913677
scaff_group001	JAEPEU010007296.1	2265	1915942
scaff_group001	JAEPEU010004450.1	2269	1918211
scaff_group001	JAEPEU010002995.1	2271	1920482
scaff_group001	JAEPEU010004120.1	2272	1922754
scaff_group001	JAEPEU010002337.1	2273	1925027
scaff_group001	JAEPEU010004048.1	2275	1927302
scaff_group001	JAEPEU010009083.1	2279	1929581
scaff_group001	JAEPEU010003019.1	2284	1931865
scaff_group001	JAEPEU010002360.1	2297	1934162
scaff_group001	JAEPEU010003660.1	2299	1936461
scaff_group001	JAEPEU010005613.1	2302	1938763
scaff_group001	JAEPEU010006729.1	2302	1941065
scaff_group001	JAEPEU010002296.1	2304	1943369
scaff_group001	JAEPEU010007662.1	2305	1945674
scaff_group001	JAEPEU010003040.1	2305	1947979
scaff_group001	JAEPEU010009357.1	2309	1950288
scaff_group001	JAEPEU010004753.1	2311	1952599
scaff_group001	JAEPEU010009659.1	2313	1954912
scaff_group001	JAEPEU010001350.1	2317	1957229
scaff_group001	JAEPEU010003792.1	2317	1959546
scaff_group001	JAEPEU010003525.1	2321	1961867
scaff_group001	JAEPEU010008004.1	2323	1964190
scaff_group001	JAEPEU010003421.1	2325	1966515
scaff_group001	JAEPEU010002415.1	2326	1968841
scaff_group001	JAEPEU010006688.1	2326	1971167
scaff_group001	JAEPEU010008724.1	2328	1973495
scaff_group001	JAEPEU010000998.1	2329	1975824
scaff_group001	JAEPEU010005464.1	2332	1978156
scaff_group001	JAEPEU010004391.1	2332	1980488
scaff_group001	JAEPEU010002854.1	2333	1982821
scaff_group001	JAEPEU010002766.1	2334	1985155
scaff_group001	JAEPEU010003163.1	2334	1987489
scaff_group001	JAEPEU010002391.1	2336	1989825
scaff_group001	JAEPEU010002543.1	2337	1992162
scaff_group001	JAEPEU010001547.1	2337	1994499
scaff_group001	JAEPEU010008899.1	2337	1996836
scaff_group001	JAEPEU010007066.1	2338	1999174
scaff_group001	JAEPEU010003376.1	2339	2001513
scaff_group001	JAEPEU010007167.1	2341	2003854
scaff_group001	JAEPEU010004336.1	2342	2006196
scaff_group001	JAEPEU010003236.1	2345	2008541
scaff_group001	JAEPEU010000081.1	2348	2010889
scaff_group001	JAEPEU010003362.1	2350	2013239
scaff_group001	JAEPEU010005600.1	2350	2015589
scaff_group001	JAEPEU010009335.1	2352	2017941
scaff_group001	JAEPEU010002153.1	2357	2020298
scaff_group001	JAEPEU010004573.1	2357	2022655
scaff_group001	JAEPEU010007451.1	2357	2025012
scaff_group001	JAEPEU010006875.1	2358	2027370
scaff_group001	JAEPEU010000908.1	2362	2029732
scaff_group001	JAEPEU010006116.1	2362	2032094
scaff_group001	JAEPEU010005062.1	2363	2034457
scaff_group001	JAEPEU010003086.1	2365	2036822
scaff_group001	JAEPEU010004204.1	2365	2039187
scaff_group001	JAEPEU010004304.1	2366	2041553
scaff_group001	JAEPEU010009229.1	2367	2043920
scaff_group001	JAEPEU010001969.1	2370	2046290
scaff_group001	JAEPEU010009273.1	2380	2048670
scaff_group001	JAEPEU010005892.1	2380	2051050
scaff_group001	JAEPEU010004447.1	2381	2053431
scaff_group001	JAEPEU010000600.1	2384	2055815
scaff_group001	JAEPEU010008337.1	2384	2058199
scaff_group001	JAEPEU010004152.1	2386	2060585
scaff_group001	JAEPEU010007780.1	2386	2062971
scaff_group001	JAEPEU010009920.1	2387	2065358
scaff_group001	JAEPEU010008276.1	2391	2067749
scaff_group001	JAEPEU010004300.1	2392	2070141
scaff_group001	JAEPEU010002018.1	2394	2072535
scaff_group001	JAEPEU010002464.1	2399	2074934
scaff_group001	JAEPEU010004838.1	2400	2077334
scaff_group001	JAEPEU010009800.1	2401	2079735
scaff_group001	JAEPEU010006139.1	2401	2082136
scaff_group001	JAEPEU010003034.1	2407	2084543
scaff_group001	JAEPEU010005818.1	2407	2086950
scaff_group001	JAEPEU010000932.1	2408	2089358
scaff_group001	JAEPEU010009235.1	2409	2091767
scaff_group001	JAEPEU010009108.1	2413	2094180
scaff_group001	JAEPEU010008210.1	2414	2096594
scaff_group001	JAEPEU010004137.1	2415	2099009
scaff_group001	JAEPEU010008393.1	2415	2101424
scaff_group001	JAEPEU010005365.1	2419	2103843
scaff_group001	JAEPEU010004954.1	2419	2106262
scaff_group001	JAEPEU010001934.1	2420	2108682
scaff_group001	JAEPEU010004276.1	2422	2111104
scaff_group001	JAEPEU010005366.1	2425	2113529
scaff_group001	JAEPEU010003465.1	2425	2115954
scaff_group001	JAEPEU010003533.1	2427	2118381
scaff_group001	JAEPEU010002696.1	2428	2120809
scaff_group001	JAEPEU010003281.1	2428	2123237
scaff_group001	JAEPEU010000247.1	2429	2125666
scaff_group001	JAEPEU010007117.1	2432	2128098
scaff_group001	JAEPEU010007149.1	2432	2130530
scaff_group001	JAEPEU010002621.1	2437	2132967
scaff_group001	JAEPEU010003864.1	2437	2135404
scaff_group001	JAEPEU010006989.1	2438	2137842
scaff_group001	JAEPEU010008445.1	2439	2140281
scaff_group001	JAEPEU010003590.1	2442	2142723
scaff_group001	JAEPEU010000347.1	2442	2145165
scaff_group001	JAEPEU010007726.1	2443	2147608
scaff_group001	JAEPEU010000839.1	2450	2150058
scaff_group001	JAEPEU010006310.1	2450	2152508
scaff_group001	JAEPEU010000676.1	2454	2154962
scaff_group001	JAEPEU010006540.1	2455	2157417
scaff_group001	JAEPEU010003243.1	2458	2159875
scaff_group001	JAEPEU010009121.1	2458	2162333
scaff_group001	JAEPEU010004296.1	2461	2164794
scaff_group001	JAEPEU010003361.1	2465	2167259
scaff_group001	JAEPEU010006642.1	2465	2169724
scaff_group001	JAEPEU010006746.1	2468	2172192
scaff_group001	JAEPEU010007543.1	2471	2174663
scaff_group001	JAEPEU010002251.1	2473	2177136
scaff_group001	JAEPEU010001695.1	2476	2179612
scaff_group001	JAEPEU010005337.1	2478	2182090
scaff_group001	JAEPEU010000974.1	2482	2184572
scaff_group001	JAEPEU010005912.1	2484	2187056
scaff_group001	JAEPEU010008943.1	2485	2189541
scaff_group001	JAEPEU010004845.1	2486	2192027
scaff_group001	JAEPEU010004319.1	2492	2194519
scaff_group001	JAEPEU010007472.1	2492	2197011
scaff_group001	JAEPEU010002927.1	2495	2199506
scaff_group001	JAEPEU010003038.1	2496	2202002
scaff_group001	JAEPEU010003806.1	2496	2204498
scaff_group001	JAEPEU010008469.1	2496	2206994
scaff_group001	JAEPEU010003786.1	2497	2209491
scaff_group001	JAEPEU010004231.1	2497	2211988
scaff_group001	JAEPEU010000854.1	2498	2214486
scaff_group001	JAEPEU010000436.1	2499	2216985
scaff_group001	JAEPEU010008211.1	2504	2219489
scaff_group001	JAEPEU010003313.1	2506	2221995
scaff_group001	JAEPEU010004344.1	2507	2224502
scaff_group001	JAEPEU010008982.1	2509	2227011
scaff_group001	JAEPEU010009156.1	2510	2229521
scaff_group001	JAEPEU010003636.1	2511	2232032
scaff_group001	JAEPEU010005442.1	2515	2234547
scaff_group001	JAEPEU010002324.1	2526	2237073
scaff_group001	JAEPEU010007091.1	2530	2239603
scaff_group001	JAEPEU010002887.1	2530	2242133
scaff_group001	JAEPEU010005594.1	2530	2244663
scaff_group001	JAEPEU010005511.1	2532	2247195
scaff_group001	JAEPEU010002021.1	2534	2249729
scaff_group001	JAEPEU010004527.1	2536	2252265
scaff_group001	JAEPEU010007673.1	2537	2254802
scaff_group001	JAEPEU010006347.1	2538	2257340
scaff_group001	JAEPEU010003946.1	2539	2259879
scaff_group001	JAEPEU010006086.1	2540	2262419
scaff_group001	JAEPEU010007977.1	2540	2264959
scaff_group001	JAEPEU010001395.1	2541	2267500
scaff_group001	JAEPEU010004401.1	2545	2270045
scaff_group001	JAEPEU010008096.1	2545	2272590
scaff_group001	JAEPEU010000709.1	2546	2275136
scaff_group001	JAEPEU010000038.1	2552	2277688
scaff_group001	JAEPEU010001156.1	2555	2280243
scaff_group001	JAEPEU010003030.1	2555	2282798
scaff_group001	JAEPEU010006821.1	2558	2285356
scaff_group001	JAEPEU010002181.1	2560	2287916
scaff_group001	JAEPEU010009909.1	2563	2290479
scaff_group001	JAEPEU010003496.1	2563	2293042
scaff_group001	JAEPEU010009076.1	2564	2295606
scaff_group001	JAEPEU010008916.1	2568	2298174
scaff_group001	JAEPEU010001391.1	2569	2300743
scaff_group001	JAEPEU010001669.1	2571	2303314
scaff_group001	JAEPEU010008769.1	2573	2305887
scaff_group001	JAEPEU010007723.1	2575	2308462
scaff_group001	JAEPEU010008742.1	2577	2311039
scaff_group001	JAEPEU010002167.1	2579	2313618
scaff_group001	JAEPEU010003113.1	2579	2316197
scaff_group001	JAEPEU010009804.1	2581	2318778
scaff_group001	JAEPEU010002439.1	2582	2321360
scaff_group001	JAEPEU010007885.1	2582	2323942
scaff_group001	JAEPEU010006621.1	2583	2326525
scaff_group001	JAEPEU010000041.1	2586	2329111
scaff_group001	JAEPEU010002987.1	2586	2331697
scaff_group001	JAEPEU010002478.1	2587	2334284
scaff_group001	JAEPEU010004772.1	2591	2336875
scaff_group001	JAEPEU010000250.1	2592	2339467
scaff_group001	JAEPEU010002275.1	2592	2342059
scaff_group001	JAEPEU010006259.1	2592	2344651
scaff_group001	JAEPEU010009209.1	2594	2347245
scaff_group001	JAEPEU010004993.1	2594	2349839
scaff_group001	JAEPEU010006353.1	2598	2352437
scaff_group001	JAEPEU010003432.1	2601	2355038
scaff_group001	JAEPEU010001376.1	2605	2357643
scaff_group001	JAEPEU010004359.1	2605	2360248
scaff_group001	JAEPEU010008137.1	2605	2362853
scaff_group001	JAEPEU010006243.1	2608	2365461
scaff_group001	JAEPEU010004375.1	2611	2368072
scaff_group001	JAEPEU010001415.1	2614	2370686
scaff_group001	JAEPEU010001733.1	2614	2373300
scaff_group001	JAEPEU010006978.1	2614	2375914
scaff_group001	JAEPEU010008164.1	2615	2378529
scaff_group001	JAEPEU010003445.1	2617	2381146
scaff_group001	JAEPEU010009504.1	2618	2383764
scaff_group001	JAEPEU010002135.1	2619	2386383
scaff_group001	JAEPEU010004144.1	2620	2389003
scaff_group001	JAEPEU010006130.1	2620	2391623
scaff_group001	JAEPEU010001770.1	2621	2394244
scaff_group001	JAEPEU010001625.1	2622	2396866
scaff_group001	JAEPEU010006652.1	2624	2399490
scaff_group001	JAEPEU010004295.1	2625	2402115
scaff_group001	JAEPEU010009253.1	2626	2404741
scaff_group001	JAEPEU010001884.1	2626	2407367
scaff_group001	JAEPEU010003736.1	2626	2409993
scaff_group001	JAEPEU010008390.1	2626	2412619
scaff_group001	JAEPEU010008576.1	2626	2415245
scaff_group001	JAEPEU010003157.1	2627	2417872
scaff_group001	JAEPEU010009790.1	2628	2420500
scaff_group001	JAEPEU010005417.1	2628	2423128
scaff_group001	JAEPEU010008552.1	2632	2425760
scaff_group001	JAEPEU010000500.1	2635	2428395
scaff_group001	JAEPEU010002096.1	2636	2431031
scaff_group001	JAEPEU010002840.1	2636	2433667
scaff_group001	JAEPEU010009084.1	2636	2436303
scaff_group001	JAEPEU010002057.1	2637	2438940
scaff_group001	JAEPEU010006281.1	2639	2441579
scaff_group001	JAEPEU010003198.1	2643	2444222
scaff_group001	JAEPEU010008966.1	2643	2446865
scaff_group001	JAEPEU010003228.1	2644	2449509
scaff_group001	JAEPEU010005247.1	2646	2452155
scaff_group001	JAEPEU010003563.1	2647	2454802
scaff_group001	JAEPEU010005208.1	2648	2457450
scaff_group001	JAEPEU010002264.1	2650	2460100
scaff_group001	JAEPEU010003643.1	2657	2462757
scaff_group001	JAEPEU010009254.1	2660	2465417
scaff_group001	JAEPEU010000874.1	2660	2468077
scaff_group001	JAEPEU010006735.1	2660	2470737
scaff_group001	JAEPEU010006257.1	2661	2473398
scaff_group001	JAEPEU010004560.1	2662	2476060
scaff_group001	JAEPEU010003711.1	2663	2478723
scaff_group001	JAEPEU010009853.1	2664	2481387
scaff_group001	JAEPEU010008386.1	2672	2484059
scaff_group001	JAEPEU010007955.1	2673	2486732
scaff_group001	JAEPEU010005815.1	2674	2489406
scaff_group001	JAEPEU010001879.1	2676	2492082
scaff_group001	JAEPEU010008260.1	2678	2494760
scaff_group001	JAEPEU010006943.1	2678	2497438
scaff_group001	JAEPEU010004901.1	2680	2500118
scaff_group001	JAEPEU010004796.1	2681	2502799
scaff_group001	JAEPEU010001892.1	2682	2505481
scaff_group001	JAEPEU010000430.1	2683	2508164
scaff_group001	JAEPEU010001729.1	2684	2510848
scaff_group001	JAEPEU010003264.1	2684	2513532
scaff_group001	JAEPEU010003363.1	2685	2516217
scaff_group001	JAEPEU010004975.1	2687	2518904
scaff_group001	JAEPEU010002385.1	2689	2521593
scaff_group001	JAEPEU010007488.1	2690	2524283
scaff_group001	JAEPEU010002556.1	2692	2526975
scaff_group001	JAEPEU010004729.1	2692	2529667
scaff_group001	JAEPEU010000627.1	2694	2532361
scaff_group001	JAEPEU010006285.1	2697	2535058
scaff_group001	JAEPEU010003444.1	2699	2537757
scaff_group001	JAEPEU010009939.1	2700	2540457
scaff_group001	JAEPEU010002761.1	2701	2543158
scaff_group001	JAEPEU010004308.1	2702	2545860
scaff_group001	JAEPEU010009014.1	2702	2548562
scaff_group001	JAEPEU010009311.1	2705	2551267
scaff_group001	JAEPEU010008718.1	2708	2553975
scaff_group001	JAEPEU010009280.1	2713	2556688
scaff_group001	JAEPEU010004141.1	2716	2559404
scaff_group001	JAEPEU010001270.1	2716	2562120
scaff_group001	JAEPEU010008187.1	2717	2564837
scaff_group001	JAEPEU010002756.1	2718	2567555
scaff_group001	JAEPEU010003479.1	2718	2570273
scaff_group001	JAEPEU010009123.1	2718	2572991
scaff_group001	JAEPEU010004830.1	2719	2575710
scaff_group001	JAEPEU010004833.1	2720	2578430
scaff_group001	JAEPEU010007141.1	2720	2581150
scaff_group001	JAEPEU010002032.1	2720	2583870
scaff_group001	JAEPEU010004322.1	2726	2586596
scaff_group001	JAEPEU010003284.1	2727	2589323
scaff_group001	JAEPEU010003560.1	2732	2592055
scaff_group001	JAEPEU010005073.1	2733	2594788
scaff_group001	JAEPEU010006490.1	2735	2597523
scaff_group001	JAEPEU010002928.1	2737	2600260
scaff_group001	JAEPEU010002401.1	2738	2602998
scaff_group001	JAEPEU010002822.1	2738	2605736
scaff_group001	JAEPEU010008961.1	2738	2608474
scaff_group001	JAEPEU010005279.1	2739	2611213
scaff_group001	JAEPEU010001820.1	2739	2613952
scaff_group001	JAEPEU010008049.1	2739	2616691
scaff_group001	JAEPEU010005400.1	2740	2619431
scaff_group001	JAEPEU010008759.1	2742	2622173
scaff_group001	JAEPEU010001738.1	2742	2624915
scaff_group001	JAEPEU010005992.1	2745	2627660
scaff_group001	JAEPEU010007280.1	2746	2630406
scaff_group001	JAEPEU010008478.1	2746	2633152
scaff_group001	JAEPEU010005967.1	2752	2635904
scaff_group001	JAEPEU010001580.1	2758	2638662
scaff_group001	JAEPEU010006289.1	2759	2641421
scaff_group001	JAEPEU010008405.1	2759	2644180
scaff_group001	JAEPEU010005510.1	2760	2646940
scaff_group001	JAEPEU010003675.1	2760	2649700
scaff_group001	JAEPEU010006331.1	2762	2652462
scaff_group001	JAEPEU010004655.1	2765	2655227
scaff_group001	JAEPEU010009140.1	2765	2657992
scaff_group001	JAEPEU010008192.1	2768	2660760
scaff_group001	JAEPEU010004402.1	2771	2663531
scaff_group001	JAEPEU010006469.1	2771	2666302
scaff_group001	JAEPEU010009064.1	2773	2669075
scaff_group001	JAEPEU010006781.1	2775	2671850
scaff_group001	JAEPEU010009041.1	2775	2674625
scaff_group001	JAEPEU010002754.1	2776	2677401
scaff_group001	JAEPEU010003503.1	2776	2680177
scaff_group001	JAEPEU010001199.1	2778	2682955
scaff_group001	JAEPEU010004644.1	2778	2685733
scaff_group001	JAEPEU010007353.1	2779	2688512
scaff_group001	JAEPEU010002473.1	2782	2691294
scaff_group001	JAEPEU010002203.1	2783	2694077
scaff_group001	JAEPEU010001866.1	2784	2696861
scaff_group001	JAEPEU010000518.1	2784	2699645
scaff_group001	JAEPEU010006358.1	2784	2702429
scaff_group001	JAEPEU010003875.1	2785	2705214
scaff_group001	JAEPEU010007964.1	2787	2708001
scaff_group001	JAEPEU010000323.1	2788	2710789
scaff_group001	JAEPEU010006374.1	2790	2713579
scaff_group001	JAEPEU010006880.1	2791	2716370
scaff_group001	JAEPEU010002864.1	2792	2719162
scaff_group001	JAEPEU010006138.1	2793	2721955
scaff_group001	JAEPEU010004090.1	2800	2724755
scaff_group001	JAEPEU010007926.1	2803	2727558
scaff_group001	JAEPEU010006799.1	2808	2730366
scaff_group001	JAEPEU010007364.1	2809	2733175
scaff_group001	JAEPEU010007853.1	2810	2735985
scaff_group001	JAEPEU010001886.1	2813	2738798
scaff_group001	JAEPEU010003966.1	2813	2741611
scaff_group001	JAEPEU010004413.1	2813	2744424
scaff_group001	JAEPEU010006734.1	2813	2747237
scaff_group001	JAEPEU010004633.1	2816	2750053
scaff_group001	JAEPEU010002617.1	2817	2752870
scaff_group001	JAEPEU010002630.1	2818	2755688
scaff_group001	JAEPEU010003029.1	2818	2758506
scaff_group001	JAEPEU010008666.1	2818	2761324
scaff_group001	JAEPEU010009884.1	2820	2764144
scaff_group001	JAEPEU010002477.1	2821	2766965
scaff_group001	JAEPEU010009798.1	2825	2769790
scaff_group001	JAEPEU010000693.1	2833	2772623
scaff_group001	JAEPEU010001670.1	2834	2775457
scaff_group001	JAEPEU010003770.1	2834	2778291
scaff_group001	JAEPEU010009092.1	2834	2781125
scaff_group001	JAEPEU010004185.1	2836	2783961
scaff_group001	JAEPEU010001426.1	2839	2786800
scaff_group001	JAEPEU010000686.1	2840	2789640
scaff_group001	JAEPEU010009296.1	2841	2792481
scaff_group001	JAEPEU010003331.1	2843	2795324
scaff_group001	JAEPEU010002573.1	2846	2798170
scaff_group001	JAEPEU010004168.1	2855	2801025
scaff_group001	JAEPEU010001944.1	2857	2803882
scaff_group001	JAEPEU010005726.1	2859	2806741
scaff_group001	JAEPEU010004369.1	2860	2809601
scaff_group001	JAEPEU010005874.1	2860	2812461
scaff_group001	JAEPEU010007271.1	2860	2815321
scaff_group001	JAEPEU010005440.1	2862	2818183
scaff_group001	JAEPEU010000594.1	2865	2821048
scaff_group001	JAEPEU010001584.1	2867	2823915
scaff_group001	JAEPEU010005827.1	2867	2826782
scaff_group001	JAEPEU010004172.1	2873	2829655
scaff_group001	JAEPEU010004316.1	2873	2832528
scaff_group001	JAEPEU010007080.1	2874	2835402
scaff_group001	JAEPEU010007089.1	2875	2838277
scaff_group001	JAEPEU010009119.1	2875	2841152
scaff_group001	JAEPEU010009135.1	2877	2844029
scaff_group001	JAEPEU010004092.1	2878	2846907
scaff_group001	JAEPEU010006902.1	2879	2849786
scaff_group001	JAEPEU010009331.1	2880	2852666
scaff_group001	JAEPEU010007558.1	2886	2855552
scaff_group001	JAEPEU010007616.1	2887	2858439
scaff_group001	JAEPEU010002956.1	2892	2861331
scaff_group001	JAEPEU010007232.1	2894	2864225
scaff_group001	JAEPEU010002344.1	2898	2867123
scaff_group001	JAEPEU010009399.1	2902	2870025
scaff_group001	JAEPEU010003626.1	2903	2872928
scaff_group001	JAEPEU010000722.1	2903	2875831
scaff_group001	JAEPEU010002206.1	2905	2878736
scaff_group001	JAEPEU010006879.1	2905	2881641
scaff_group001	JAEPEU010004467.1	2910	2884551
scaff_group001	JAEPEU010001815.1	2915	2887466
scaff_group001	JAEPEU010002323.1	2917	2890383
scaff_group001	JAEPEU010006370.1	2918	2893301
scaff_group001	JAEPEU010000614.1	2919	2896220
scaff_group001	JAEPEU010002975.1	2919	2899139
scaff_group001	JAEPEU010008924.1	2919	2902058
scaff_group001	JAEPEU010000267.1	2921	2904979
scaff_group001	JAEPEU010003825.1	2924	2907903
scaff_group001	JAEPEU010004967.1	2924	2910827
scaff_group001	JAEPEU010002805.1	2926	2913753
scaff_group001	JAEPEU010004984.1	2927	2916680
scaff_group001	JAEPEU010002240.1	2930	2919610
scaff_group001	JAEPEU010009029.1	2931	2922541
scaff_group001	JAEPEU010005901.1	2932	2925473
scaff_group001	JAEPEU010002894.1	2933	2928406
scaff_group001	JAEPEU010008677.1	2936	2931342
scaff_group001	JAEPEU010002063.1	2937	2934279
scaff_group001	JAEPEU010005248.1	2938	2937217
scaff_group001	JAEPEU010004377.1	2938	2940155
scaff_group001	JAEPEU010001959.1	2944	2943099
scaff_group001	JAEPEU010005654.1	2945	2946044
scaff_group001	JAEPEU010004226.1	2947	2948991
scaff_group001	JAEPEU010006695.1	2948	2951939
scaff_group001	JAEPEU010003320.1	2949	2954888
scaff_group001	JAEPEU010005599.1	2949	2957837
scaff_group001	JAEPEU010001465.1	2954	2960791
scaff_group001	JAEPEU010001294.1	2955	2963746
scaff_group001	JAEPEU010005245.1	2956	2966702
scaff_group001	JAEPEU010009865.1	2956	2969658
scaff_group001	JAEPEU010001215.1	2956	2972614
scaff_group001	JAEPEU010003985.1	2956	2975570
scaff_group001	JAEPEU010002299.1	2959	2978529
scaff_group001	JAEPEU010002395.1	2964	2981493
scaff_group001	JAEPEU010007309.1	2964	2984457
scaff_group001	JAEPEU010002795.1	2968	2987425
scaff_group001	JAEPEU010002369.1	2969	2990394
scaff_group001	JAEPEU010001205.1	2975	2993369
scaff_group001	JAEPEU010006895.1	2978	2996347
scaff_group001	JAEPEU010009792.1	2980	2999327
scaff_group001	JAEPEU010002583.1	2981	3002308
scaff_group001	JAEPEU010003597.1	2982	3005290
scaff_group001	JAEPEU010001619.1	2988	3008278
scaff_group001	JAEPEU010003888.1	2990	3011268
scaff_group001	JAEPEU010009866.1	2992	3014260
scaff_group001	JAEPEU010004367.1	2994	3017254
scaff_group001	JAEPEU010008555.1	2995	3020249
scaff_group001	JAEPEU010007001.1	2999	3023248
scaff_group001	JAEPEU010003461.1	3001	3026249
scaff_group001	JAEPEU010005313.1	3002	3029251
scaff_group001	JAEPEU010001362.1	3002	3032253
scaff_group001	JAEPEU010001748.1	3002	3035255
scaff_group001	JAEPEU010009356.1	3006	3038261
scaff_group001	JAEPEU010004122.1	3016	3041277
scaff_group001	JAEPEU010003424.1	3020	3044297
scaff_group001	JAEPEU010003811.1	3023	3047320
scaff_group001	JAEPEU010009793.1	3025	3050345
scaff_group001	JAEPEU010005919.1	3028	3053373
scaff_group001	JAEPEU010008060.1	3036	3056409
scaff_group001	JAEPEU010002414.1	3038	3059447
scaff_group001	JAEPEU010007825.1	3039	3062486
scaff_group001	JAEPEU010001880.1	3041	3065527
scaff_group001	JAEPEU010002192.1	3042	3068569
scaff_group001	JAEPEU010000971.1	3042	3071611
scaff_group001	JAEPEU010001734.1	3044	3074655
scaff_group001	JAEPEU010002068.1	3047	3077702
scaff_group001	JAEPEU010000737.1	3051	3080753
scaff_group001	JAEPEU010007294.1	3051	3083804
scaff_group001	JAEPEU010007371.1	3051	3086855
scaff_group001	JAEPEU010005727.1	3053	3089908
scaff_group001	JAEPEU010002899.1	3053	3092961
scaff_group001	JAEPEU010006391.1	3058	3096019
scaff_group001	JAEPEU010003610.1	3059	3099078
scaff_group001	JAEPEU010008296.1	3059	3102137
scaff_group001	JAEPEU010005984.1	3061	3105198
scaff_group001	JAEPEU010006088.1	3061	3108259
scaff_group001	JAEPEU010007082.1	3063	3111322
scaff_group001	JAEPEU010003182.1	3063	3114385
scaff_group001	JAEPEU010003390.1	3065	3117450
scaff_group001	JAEPEU010002569.1	3068	3120518
scaff_group001	JAEPEU010005550.1	3068	3123586
scaff_group001	JAEPEU010003156.1	3068	3126654
scaff_group001	JAEPEU010004007.1	3070	3129724
scaff_group001	JAEPEU010000758.1	3080	3132804
scaff_group001	JAEPEU010001933.1	3081	3135885
scaff_group001	JAEPEU010008437.1	3081	3138966
scaff_group001	JAEPEU010001749.1	3087	3142053
scaff_group001	JAEPEU010009871.1	3088	3145141
scaff_group001	JAEPEU010004330.1	3090	3148231
scaff_group001	JAEPEU010000108.1	3093	3151324
scaff_group001	JAEPEU010001776.1	3094	3154418
scaff_group001	JAEPEU010002097.1	3094	3157512
scaff_group001	JAEPEU010007905.1	3095	3160607
scaff_group001	JAEPEU010001774.1	3096	3163703
scaff_group001	JAEPEU010007827.1	3102	3166805
scaff_group001	JAEPEU010009102.1	3102	3169907
scaff_group001	JAEPEU010002725.1	3107	3173014
scaff_group001	JAEPEU010004603.1	3109	3176123
scaff_group001	JAEPEU010009093.1	3115	3179238
scaff_group001	JAEPEU010005149.1	3117	3182355
scaff_group001	JAEPEU010002010.1	3118	3185473
scaff_group001	JAEPEU010003697.1	3120	3188593
scaff_group001	JAEPEU010000055.1	3120	3191713
scaff_group001	JAEPEU010004099.1	3121	3194834
scaff_group001	JAEPEU010001356.1	3122	3197956
scaff_group001	JAEPEU010002215.1	3124	3201080
scaff_group001	JAEPEU010001386.1	3125	3204205
scaff_group001	JAEPEU010004183.1	3126	3207331
scaff_group001	JAEPEU010004686.1	3127	3210458
scaff_group001	JAEPEU010000422.1	3130	3213588
scaff_group001	JAEPEU010003087.1	3130	3216718
scaff_group001	JAEPEU010009552.1	3133	3219851
scaff_group001	JAEPEU010001821.1	3137	3222988
scaff_group001	JAEPEU010005282.1	3139	3226127
scaff_group001	JAEPEU010006166.1	3139	3229266
scaff_group001	JAEPEU010009881.1	3140	3232406
scaff_group001	JAEPEU010009569.1	3141	3235547
scaff_group001	JAEPEU010001405.1	3145	3238692
scaff_group001	JAEPEU010004310.1	3145	3241837
scaff_group001	JAEPEU010001330.1	3147	3244984
scaff_group001	JAEPEU010003273.1	3148	3248132
scaff_group001	JAEPEU010006128.1	3148	3251280
scaff_group001	JAEPEU010005390.1	3150	3254430
scaff_group001	JAEPEU010008539.1	3150	3257580
scaff_group001	JAEPEU010007769.1	3153	3260733
scaff_group001	JAEPEU010008277.1	3154	3263887
scaff_group001	JAEPEU010000441.1	3155	3267042
scaff_group001	JAEPEU010005548.1	3157	3270199
scaff_group001	JAEPEU010004328.1	3162	3273361
scaff_group001	JAEPEU010006020.1	3165	3276526
scaff_group001	JAEPEU010005006.1	3165	3279691
scaff_group001	JAEPEU010001283.1	3167	3282858
scaff_group001	JAEPEU010001185.1	3173	3286031
scaff_group001	JAEPEU010004052.1	3177	3289208
scaff_group001	JAEPEU010000126.1	3179	3292387
scaff_group001	JAEPEU010008349.1	3179	3295566
scaff_group001	JAEPEU010000280.1	3180	3298746
scaff_group001	JAEPEU010009054.1	3180	3301926
scaff_group001	JAEPEU010005489.1	3181	3305107
scaff_group001	JAEPEU010002266.1	3183	3308290
scaff_group001	JAEPEU010002804.1	3183	3311473
scaff_group001	JAEPEU010005380.1	3186	3314659
scaff_group001	JAEPEU010009288.1	3191	3317850
scaff_group001	JAEPEU010009624.1	3191	3321041
scaff_group001	JAEPEU010007703.1	3197	3324238
scaff_group001	JAEPEU010003447.1	3202	3327440
scaff_group001	JAEPEU010008080.1	3202	3330642
scaff_group001	JAEPEU010002757.1	3204	3333846
scaff_group001	JAEPEU010003744.1	3204	3337050
scaff_group001	JAEPEU010005791.1	3208	3340258
scaff_group001	JAEPEU010006321.1	3208	3343466
scaff_group001	JAEPEU010007688.1	3209	3346675
scaff_group001	JAEPEU010007607.1	3212	3349887
scaff_group001	JAEPEU010005482.1	3218	3353105
scaff_group001	JAEPEU010001319.1	3218	3356323
scaff_group001	JAEPEU010001169.1	3222	3359545
scaff_group001	JAEPEU010002663.1	3223	3362768
scaff_group001	JAEPEU010002873.1	3227	3365995
scaff_group001	JAEPEU010004343.1	3227	3369222
scaff_group001	JAEPEU010002595.1	3229	3372451
scaff_group001	JAEPEU010003399.1	3229	3375680
scaff_group001	JAEPEU010004734.1	3229	3378909
scaff_group001	JAEPEU010007965.1	3229	3382138
scaff_group001	JAEPEU010007189.1	3229	3385367
scaff_group001	JAEPEU010002517.1	3232	3388599
scaff_group001	JAEPEU010004482.1	3234	3391833
scaff_group001	JAEPEU010009589.1	3238	3395071
scaff_group001	JAEPEU010000726.1	3239	3398310
scaff_group001	JAEPEU010006753.1	3240	3401550
scaff_group001	JAEPEU010002148.1	3243	3404793
scaff_group001	JAEPEU010009164.1	3244	3408037
scaff_group001	JAEPEU010003247.1	3247	3411284
scaff_group001	JAEPEU010006841.1	3250	3414534
scaff_group001	JAEPEU010004472.1	3251	3417785
scaff_group001	JAEPEU010004789.1	3252	3421037
scaff_group001	JAEPEU010004539.1	3253	3424290
scaff_group001	JAEPEU010008270.1	3254	3427544
scaff_group001	JAEPEU010003227.1	3254	3430798
scaff_group001	JAEPEU010005318.1	3256	3434054
scaff_group001	JAEPEU010003041.1	3258	3437312
scaff_group001	JAEPEU010007260.1	3259	3440571
scaff_group001	JAEPEU010004200.1	3263	3443834
scaff_group001	JAEPEU010001768.1	3265	3447099
scaff_group001	JAEPEU010001882.1	3269	3450368
scaff_group001	JAEPEU010006832.1	3269	3453637
scaff_group001	JAEPEU010005405.1	3270	3456907
scaff_group001	JAEPEU010001834.1	3273	3460180
scaff_group001	JAEPEU010006298.1	3274	3463454
scaff_group001	JAEPEU010008679.1	3275	3466729
scaff_group001	JAEPEU010001471.1	3276	3470005
scaff_group001	JAEPEU010000982.1	3276	3473281
scaff_group001	JAEPEU010001704.1	3281	3476562
scaff_group001	JAEPEU010004211.1	3281	3479843
scaff_group001	JAEPEU010006199.1	3282	3483125
scaff_group001	JAEPEU010006330.1	3282	3486407
scaff_group001	JAEPEU010006741.1	3282	3489689
scaff_group001	JAEPEU010007751.1	3284	3492973
scaff_group001	JAEPEU010003159.1	3284	3496257
scaff_group001	JAEPEU010004271.1	3285	3499542
scaff_group001	JAEPEU010007427.1	3286	3502828
scaff_group001	JAEPEU010008241.1	3287	3506115
scaff_group001	JAEPEU010002106.1	3287	3509402
scaff_group001	JAEPEU010000904.1	3288	3512690
scaff_group001	JAEPEU010005128.1	3289	3515979
scaff_group001	JAEPEU010007821.1	3289	3519268
scaff_group001	JAEPEU010006681.1	3294	3522562
scaff_group001	JAEPEU010008101.1	3294	3525856
scaff_group001	JAEPEU010009116.1	3295	3529151
scaff_group001	JAEPEU010009502.1	3302	3532453
scaff_group001	JAEPEU010009973.1	3305	3535758
scaff_group001	JAEPEU010001432.1	3309	3539067
scaff_group001	JAEPEU010002372.1	3310	3542377
scaff_group001	JAEPEU010000324.1	3322	3545699
scaff_group001	JAEPEU010007027.1	3322	3549021
scaff_group001	JAEPEU010003267.1	3323	3552344
scaff_group001	JAEPEU010005232.1	3324	3555668
scaff_group001	JAEPEU010003312.1	3324	3558992
scaff_group001	JAEPEU010003771.1	3324	3562316
scaff_group001	JAEPEU010004260.1	3325	3565641
scaff_group001	JAEPEU010003912.1	3329	3568970
scaff_group001	JAEPEU010006164.1	3331	3572301
scaff_group001	JAEPEU010007483.1	3331	3575632
scaff_group001	JAEPEU010005439.1	3332	3578964
scaff_group001	JAEPEU010003628.1	3335	3582299
scaff_group001	JAEPEU010006611.1	3335	3585634
scaff_group001	JAEPEU010007507.1	3336	3588970
scaff_group001	JAEPEU010003249.1	3345	3592315
scaff_group001	JAEPEU010006361.1	3345	3595660
scaff_group001	JAEPEU010003895.1	3352	3599012
scaff_group001	JAEPEU010008948.1	3352	3602364
scaff_group001	JAEPEU010006770.1	3358	3605722
scaff_group001	JAEPEU010007865.1	3358	3609080
scaff_group001	JAEPEU010001927.1	3362	3612442
scaff_group001	JAEPEU010004297.1	3365	3615807
scaff_group001	JAEPEU010003022.1	3366	3619173
scaff_group001	JAEPEU010006172.1	3366	3622539
scaff_group001	JAEPEU010006211.1	3368	3625907
scaff_group001	JAEPEU010007243.1	3369	3629276
scaff_group001	JAEPEU010005335.1	3375	3632651
scaff_group001	JAEPEU010004700.1	3375	3636026
scaff_group001	JAEPEU010004397.1	3377	3639403
scaff_group001	JAEPEU010003623.1	3379	3642782
scaff_group001	JAEPEU010006482.1	3381	3646163
scaff_group001	JAEPEU010005494.1	3384	3649547
scaff_group001	JAEPEU010008050.1	3384	3652931
scaff_group001	JAEPEU010004476.1	3385	3656316
scaff_group001	JAEPEU010005743.1	3386	3659702
scaff_group001	JAEPEU010009931.1	3387	3663089
scaff_group001	JAEPEU010001461.1	3387	3666476
scaff_group001	JAEPEU010003219.1	3387	3669863
scaff_group001	JAEPEU010006849.1	3387	3673250
scaff_group001	JAEPEU010008108.1	3387	3676637
scaff_group001	JAEPEU010009508.1	3388	3680025
scaff_group001	JAEPEU010005841.1	3388	3683413
scaff_group001	JAEPEU010001644.1	3389	3686802
scaff_group001	JAEPEU010004725.1	3389	3690191
scaff_group001	JAEPEU010007025.1	3390	3693581
scaff_group001	JAEPEU010005896.1	3391	3696972
scaff_group001	JAEPEU010006276.1	3391	3700363
scaff_group001	JAEPEU010002449.1	3392	3703755
scaff_group001	JAEPEU010004502.1	3392	3707147
scaff_group001	JAEPEU010005973.1	3394	3710541
scaff_group001	JAEPEU010005776.1	3394	3713935
scaff_group001	JAEPEU010009961.1	3396	3717331
scaff_group001	JAEPEU010004811.1	3397	3720728
scaff_group001	JAEPEU010002214.1	3397	3724125
scaff_group001	JAEPEU010003380.1	3398	3727523
scaff_group001	JAEPEU010003995.1	3402	3730925
scaff_group001	JAEPEU010008834.1	3402	3734327
scaff_group001	JAEPEU010005326.1	3404	3737731
scaff_group001	JAEPEU010002371.1	3405	3741136
scaff_group001	JAEPEU010009062.1	3405	3744541
scaff_group001	JAEPEU010004347.1	3407	3747948
scaff_group001	JAEPEU010001216.1	3408	3751356
scaff_group001	JAEPEU010001719.1	3409	3754765
scaff_group001	JAEPEU010007411.1	3410	3758175
scaff_group001	JAEPEU010005147.1	3411	3761586
scaff_group001	JAEPEU010009322.1	3414	3765000
scaff_group001	JAEPEU010002654.1	3414	3768414
scaff_group001	JAEPEU010002087.1	3417	3771831
scaff_group001	JAEPEU010001681.1	3419	3775250
scaff_group001	JAEPEU010008354.1	3424	3778674
scaff_group001	JAEPEU010008247.1	3425	3782099
scaff_group001	JAEPEU010005423.1	3425	3785524
scaff_group001	JAEPEU010004778.1	3427	3788951
scaff_group001	JAEPEU010009584.1	3431	3792382
scaff_group001	JAEPEU010009160.1	3431	3795813
scaff_group001	JAEPEU010007208.1	3434	3799247
scaff_group001	JAEPEU010006503.1	3437	3802684
scaff_group001	JAEPEU010000736.1	3437	3806121
scaff_group001	JAEPEU010008146.1	3437	3809558
scaff_group001	JAEPEU010008267.1	3438	3812996
scaff_group001	JAEPEU010002636.1	3441	3816437
scaff_group001	JAEPEU010004851.1	3446	3819883
scaff_group001	JAEPEU010005115.1	3447	3823330
scaff_group001	JAEPEU010008361.1	3447	3826777
scaff_group001	JAEPEU010007450.1	3448	3830225
scaff_group001	JAEPEU010002491.1	3450	3833675
scaff_group001	JAEPEU010008678.1	3454	3837129
scaff_group001	JAEPEU010000615.1	3460	3840589
scaff_group001	JAEPEU010004262.1	3463	3844052
scaff_group001	JAEPEU010008406.1	3463	3847515
scaff_group001	JAEPEU010003865.1	3465	3850980
scaff_group001	JAEPEU010004110.1	3469	3854449
scaff_group001	JAEPEU010003629.1	3470	3857919
scaff_group001	JAEPEU010006631.1	3472	3861391
scaff_group001	JAEPEU010004005.1	3473	3864864
scaff_group001	JAEPEU010008140.1	3477	3868341
scaff_group001	JAEPEU010002199.1	3482	3871823
scaff_group001	JAEPEU010004588.1	3482	3875305
scaff_group001	JAEPEU010005737.1	3485	3878790
scaff_group001	JAEPEU010007704.1	3490	3882280
scaff_group001	JAEPEU010001486.1	3490	3885770
scaff_group001	JAEPEU010007562.1	3490	3889260
scaff_group001	JAEPEU010009237.1	3491	3892751
scaff_group001	JAEPEU010000128.1	3494	3896245
scaff_group001	JAEPEU010003857.1	3496	3899741
scaff_group001	JAEPEU010002924.1	3497	3903238
scaff_group001	JAEPEU010003297.1	3499	3906737
scaff_group001	JAEPEU010003658.1	3500	3910237
scaff_group001	JAEPEU010006526.1	3500	3913737
scaff_group001	JAEPEU010005343.1	3501	3917238
scaff_group001	JAEPEU010005662.1	3503	3920741
scaff_group001	JAEPEU010006624.1	3503	3924244
scaff_group001	JAEPEU010009252.1	3504	3927748
scaff_group001	JAEPEU010007059.1	3505	3931253
scaff_group001	JAEPEU010005733.1	3510	3934763
scaff_group001	JAEPEU010009351.1	3510	3938273
scaff_group001	JAEPEU010004071.1	3513	3941786
scaff_group001	JAEPEU010008414.1	3513	3945299
scaff_group001	JAEPEU010002481.1	3514	3948813
scaff_group001	JAEPEU010001717.1	3517	3952330
scaff_group001	JAEPEU010004159.1	3518	3955848
scaff_group001	JAEPEU010003012.1	3519	3959367
scaff_group001	JAEPEU010003796.1	3520	3962887
scaff_group001	JAEPEU010006762.1	3520	3966407
scaff_group001	JAEPEU010001784.1	3522	3969929
scaff_group001	JAEPEU010003508.1	3523	3973452
scaff_group001	JAEPEU010000616.1	3524	3976976
scaff_group001	JAEPEU010009474.1	3524	3980500
scaff_group001	JAEPEU010000503.1	3524	3984024
scaff_group001	JAEPEU010000239.1	3526	3987550
scaff_group001	JAEPEU010000712.1	3526	3991076
scaff_group001	JAEPEU010004895.1	3527	3994603
scaff_group001	JAEPEU010004432.1	3528	3998131
scaff_group001	JAEPEU010006024.1	3530	4001661
scaff_group001	JAEPEU010000983.1	3530	4005191
scaff_group001	JAEPEU010008030.1	3531	4008722
scaff_group001	JAEPEU010005790.1	3533	4012255
scaff_group001	JAEPEU010006615.1	3534	4015789
scaff_group001	JAEPEU010007116.1	3535	4019324
scaff_group001	JAEPEU010006750.1	3535	4022859
scaff_group001	JAEPEU010009151.1	3536	4026395
scaff_group001	JAEPEU010002698.1	3541	4029936
scaff_group001	JAEPEU010009266.1	3542	4033478
scaff_group001	JAEPEU010002128.1	3546	4037024
scaff_group001	JAEPEU010003234.1	3546	4040570
scaff_group001	JAEPEU010008302.1	3546	4044116
scaff_group001	JAEPEU010003389.1	3550	4047666
scaff_group001	JAEPEU010000748.1	3550	4051216
scaff_group001	JAEPEU010002382.1	3552	4054768
scaff_group001	JAEPEU010002647.1	3552	4058320
scaff_group001	JAEPEU010003916.1	3552	4061872
scaff_group001	JAEPEU010009457.1	3554	4065426
scaff_group001	JAEPEU010004699.1	3555	4068981
scaff_group001	JAEPEU010007643.1	3556	4072537
scaff_group001	JAEPEU010001851.1	3557	4076094
scaff_group001	JAEPEU010004983.1	3558	4079652
scaff_group001	JAEPEU010000343.1	3559	4083211
scaff_group001	JAEPEU010003709.1	3561	4086772
scaff_group001	JAEPEU010001136.1	3562	4090334
scaff_group001	JAEPEU010002798.1	3562	4093896
scaff_group001	JAEPEU010000152.1	3565	4097461
scaff_group001	JAEPEU010003651.1	3566	4101027
scaff_group001	JAEPEU010009391.1	3567	4104594
scaff_group001	JAEPEU010006578.1	3567	4108161
scaff_group001	JAEPEU010002238.1	3569	4111730
scaff_group001	JAEPEU010003707.1	3572	4115302
scaff_group001	JAEPEU010000158.1	3573	4118875
scaff_group001	JAEPEU010003319.1	3574	4122449
scaff_group001	JAEPEU010008981.1	3574	4126023
scaff_group001	JAEPEU010002103.1	3575	4129598
scaff_group001	JAEPEU010006350.1	3577	4133175
scaff_group001	JAEPEU010001585.1	3579	4136754
scaff_group001	JAEPEU010009861.1	3579	4140333
scaff_group001	JAEPEU010009363.1	3580	4143913
scaff_group001	JAEPEU010007416.1	3583	4147496
scaff_group001	JAEPEU010002146.1	3584	4151080
scaff_group001	JAEPEU010006251.1	3584	4154664
scaff_group001	JAEPEU010001788.1	3585	4158249
scaff_group001	JAEPEU010007372.1	3586	4161835
scaff_group001	JAEPEU010004605.1	3587	4165422
scaff_group001	JAEPEU010000497.1	3589	4169011
scaff_group001	JAEPEU010000929.1	3593	4172604
scaff_group001	JAEPEU010002161.1	3593	4176197
scaff_group001	JAEPEU010003021.1	3595	4179792
scaff_group001	JAEPEU010004697.1	3596	4183388
scaff_group001	JAEPEU010000043.1	3599	4186987
scaff_group001	JAEPEU010007402.1	3603	4190590
scaff_group001	JAEPEU010002233.1	3608	4194198
scaff_group001	JAEPEU010000516.1	3608	4197806
scaff_group001	JAEPEU010002831.1	3612	4201418
scaff_group001	JAEPEU010006592.1	3615	4205033
scaff_group001	JAEPEU010006947.1	3618	4208651
scaff_group001	JAEPEU010009211.1	3619	4212270
scaff_group001	JAEPEU010002918.1	3619	4215889
scaff_group001	JAEPEU010002033.1	3621	4219510
scaff_group001	JAEPEU010006430.1	3621	4223131
scaff_group001	JAEPEU010000264.1	3622	4226753
scaff_group001	JAEPEU010000367.1	3624	4230377
scaff_group001	JAEPEU010003253.1	3625	4234002
scaff_group001	JAEPEU010008350.1	3625	4237627
scaff_group001	JAEPEU010003551.1	3626	4241253
scaff_group001	JAEPEU010003805.1	3627	4244880
scaff_group001	JAEPEU010000095.1	3627	4248507
scaff_group001	JAEPEU010008549.1	3627	4252134
scaff_group001	JAEPEU010008106.1	3628	4255762
scaff_group001	JAEPEU010000543.1	3629	4259391
scaff_group001	JAEPEU010002387.1	3630	4263021
scaff_group001	JAEPEU010004863.1	3632	4266653
scaff_group001	JAEPEU010009875.1	3632	4270285
scaff_group001	JAEPEU010003316.1	3632	4273917
scaff_group001	JAEPEU010000604.1	3634	4277551
scaff_group001	JAEPEU010002330.1	3634	4281185
scaff_group001	JAEPEU010008938.1	3634	4284819
scaff_group001	JAEPEU010008281.1	3635	4288454
scaff_group001	JAEPEU010001520.1	3635	4292089
scaff_group001	JAEPEU010002923.1	3636	4295725
scaff_group001	JAEPEU010001145.1	3637	4299362
scaff_group001	JAEPEU010001978.1	3637	4302999
scaff_group001	JAEPEU010006504.1	3641	4306640
scaff_group001	JAEPEU010007773.1	3643	4310283
scaff_group001	JAEPEU010004203.1	3644	4313927
scaff_group001	JAEPEU010005991.1	3644	4317571
scaff_group001	JAEPEU010001209.1	3645	4321216
scaff_group001	JAEPEU010000141.1	3647	4324863
scaff_group001	JAEPEU010000596.1	3647	4328510
scaff_group001	JAEPEU010002335.1	3647	4332157
scaff_group001	JAEPEU010002497.1	3649	4335806
scaff_group001	JAEPEU010008158.1	3650	4339456
scaff_group001	JAEPEU010009063.1	3657	4343113
scaff_group001	JAEPEU010009251.1	3658	4346771
scaff_group001	JAEPEU010001688.1	3658	4350429
scaff_group001	JAEPEU010007974.1	3659	4354088
scaff_group001	JAEPEU010009244.1	3661	4357749
scaff_group001	JAEPEU010005262.1	3663	4361412
scaff_group001	JAEPEU010009529.1	3664	4365076
scaff_group001	JAEPEU010003168.1	3664	4368740
scaff_group001	JAEPEU010007509.1	3664	4372404
scaff_group001	JAEPEU010004503.1	3666	4376070
scaff_group001	JAEPEU010006307.1	3668	4379738
scaff_group001	JAEPEU010005358.1	3669	4383407
scaff_group001	JAEPEU010007024.1	3675	4387082
scaff_group001	JAEPEU010005333.1	3676	4390758
scaff_group001	JAEPEU010001680.1	3676	4394434
scaff_group001	JAEPEU010002586.1	3677	4398111
scaff_group001	JAEPEU010006481.1	3678	4401789
scaff_group001	JAEPEU010003632.1	3679	4405468
scaff_group001	JAEPEU010001775.1	3680	4409148
scaff_group001	JAEPEU010006333.1	3684	4412832
scaff_group001	JAEPEU010006219.1	3685	4416517
scaff_group001	JAEPEU010003143.1	3685	4420202
scaff_group001	JAEPEU010002163.1	3687	4423889
scaff_group001	JAEPEU010005299.1	3690	4427579
scaff_group001	JAEPEU010001660.1	3691	4431270
scaff_group001	JAEPEU010009332.1	3696	4434966
scaff_group001	JAEPEU010009563.1	3696	4438662
scaff_group001	JAEPEU010008488.1	3696	4442358
scaff_group001	JAEPEU010003490.1	3697	4446055
scaff_group001	JAEPEU010004381.1	3698	4449753
scaff_group001	JAEPEU010000147.1	3699	4453452
scaff_group001	JAEPEU010002669.1	3701	4457153
scaff_group001	JAEPEU010007150.1	3707	4460860
scaff_group001	JAEPEU010001337.1	3709	4464569
scaff_group001	JAEPEU010006903.1	3709	4468278
scaff_group001	JAEPEU010000805.1	3710	4471988
scaff_group001	JAEPEU010002635.1	3711	4475699
scaff_group001	JAEPEU010004217.1	3711	4479410
scaff_group001	JAEPEU010004812.1	3712	4483122
scaff_group001	JAEPEU010005981.1	3713	4486835
scaff_group001	JAEPEU010003152.1	3713	4490548
scaff_group001	JAEPEU010001256.1	3714	4494262
scaff_group001	JAEPEU010005691.1	3716	4497978
scaff_group001	JAEPEU010002173.1	3717	4501695
scaff_group001	JAEPEU010001727.1	3718	4505413
scaff_group001	JAEPEU010003048.1	3718	4509131
scaff_group001	JAEPEU010005628.1	3719	4512850
scaff_group001	JAEPEU010003640.1	3720	4516570
scaff_group001	JAEPEU010007680.1	3721	4520291
scaff_group001	JAEPEU010001745.1	3721	4524012
scaff_group001	JAEPEU010002210.1	3721	4527733
scaff_group001	JAEPEU010006462.1	3724	4531457
scaff_group001	JAEPEU010002676.1	3725	4535182
scaff_group001	JAEPEU010003599.1	3725	4538907
scaff_group001	JAEPEU010005034.1	3725	4542632
scaff_group001	JAEPEU010004230.1	3727	4546359
scaff_group001	JAEPEU010005950.1	3728	4550087
scaff_group001	JAEPEU010001554.1	3729	4553816
scaff_group001	JAEPEU010003146.1	3729	4557545
scaff_group001	JAEPEU010000074.1	3730	4561275
scaff_group001	JAEPEU010007774.1	3731	4565006
scaff_group001	JAEPEU010003756.1	3733	4568739
scaff_group001	JAEPEU010009938.1	3734	4572473
scaff_group001	JAEPEU010004325.1	3734	4576207
scaff_group001	JAEPEU010001674.1	3736	4579943
scaff_group001	JAEPEU010001889.1	3736	4583679
scaff_group001	JAEPEU010008518.1	3736	4587415
scaff_group001	JAEPEU010003777.1	3737	4591152
scaff_group001	JAEPEU010001668.1	3740	4594892
scaff_group001	JAEPEU010003824.1	3742	4598634
scaff_group001	JAEPEU010007496.1	3743	4602377
scaff_group001	JAEPEU010009806.1	3748	4606125
scaff_group001	JAEPEU010009398.1	3749	4609874
scaff_group001	JAEPEU010001682.1	3749	4613623
scaff_group001	JAEPEU010008416.1	3749	4617372
scaff_group001	JAEPEU010009626.1	3751	4621123
scaff_group001	JAEPEU010002373.1	3753	4624876
scaff_group001	JAEPEU010007157.1	3753	4628629
scaff_group001	JAEPEU010009260.1	3754	4632383
scaff_group001	JAEPEU010008440.1	3754	4636137
scaff_group001	JAEPEU010006013.1	3757	4639894
scaff_group001	JAEPEU010003681.1	3759	4643653
scaff_group001	JAEPEU010004101.1	3760	4647413
scaff_group001	JAEPEU010009326.1	3760	4651173
scaff_group001	JAEPEU010009817.1	3765	4654938
scaff_group001	JAEPEU010002518.1	3765	4658703
scaff_group001	JAEPEU010009921.1	3769	4662472
scaff_group001	JAEPEU010002619.1	3775	4666247
scaff_group001	JAEPEU010002711.1	3776	4670023
scaff_group001	JAEPEU010003717.1	3778	4673801
scaff_group001	JAEPEU010006007.1	3778	4677579
scaff_group001	JAEPEU010006544.1	3778	4681357
scaff_group001	JAEPEU010000333.1	3779	4685136
scaff_group001	JAEPEU010009226.1	3780	4688916
scaff_group001	JAEPEU010002599.1	3781	4692697
scaff_group001	JAEPEU010003208.1	3781	4696478
scaff_group001	JAEPEU010009066.1	3781	4700259
scaff_group001	JAEPEU010008681.1	3786	4704045
scaff_group001	JAEPEU010005399.1	3789	4707834
scaff_group001	JAEPEU010003715.1	3790	4711624
scaff_group001	JAEPEU010002533.1	3792	4715416
scaff_group001	JAEPEU010004837.1	3792	4719208
scaff_group001	JAEPEU010001699.1	3794	4723002
scaff_group001	JAEPEU010003693.1	3794	4726796
scaff_group001	JAEPEU010009371.1	3796	4730592
scaff_group001	JAEPEU010002301.1	3796	4734388
scaff_group001	JAEPEU010008110.1	3796	4738184
scaff_group001	JAEPEU010009524.1	3801	4741985
scaff_group001	JAEPEU010002625.1	3801	4745786
scaff_group001	JAEPEU010002737.1	3802	4749588
scaff_group001	JAEPEU010003705.1	3802	4753390
scaff_group001	JAEPEU010009605.1	3805	4757195
scaff_group001	JAEPEU010001507.1	3805	4761000
scaff_group001	JAEPEU010004021.1	3805	4764805
scaff_group001	JAEPEU010003892.1	3809	4768614
scaff_group001	JAEPEU010003759.1	3811	4772425
scaff_group001	JAEPEU010004339.1	3812	4776237
scaff_group001	JAEPEU010003622.1	3814	4780051
scaff_group001	JAEPEU010003391.1	3815	4783866
scaff_group001	JAEPEU010008206.1	3815	4787681
scaff_group001	JAEPEU010002781.1	3818	4791499
scaff_group001	JAEPEU010000872.1	3818	4795317
scaff_group001	JAEPEU010009923.1	3819	4799136
scaff_group001	JAEPEU010002367.1	3823	4802959
scaff_group001	JAEPEU010003435.1	3824	4806783
scaff_group001	JAEPEU010004290.1	3827	4810610
scaff_group001	JAEPEU010004357.1	3830	4814440
scaff_group001	JAEPEU010002343.1	3832	4818272
scaff_group001	JAEPEU010002488.1	3835	4822107
scaff_group001	JAEPEU010003002.1	3835	4825942
scaff_group001	JAEPEU010006868.1	3835	4829777
scaff_group001	JAEPEU010009368.1	3838	4833615
scaff_group001	JAEPEU010000753.1	3839	4837454
scaff_group001	JAEPEU010009319.1	3842	4841296
scaff_group001	JAEPEU010001778.1	3844	4845140
scaff_group001	JAEPEU010009654.1	3845	4848985
scaff_group001	JAEPEU010006218.1	3846	4852831
scaff_group001	JAEPEU010004520.1	3848	4856679
scaff_group001	JAEPEU010005064.1	3848	4860527
scaff_group001	JAEPEU010008362.1	3849	4864376
scaff_group001	JAEPEU010003056.1	3852	4868228
scaff_group001	JAEPEU010008381.1	3856	4872084
scaff_group001	JAEPEU010004741.1	3861	4875945
scaff_group001	JAEPEU010000936.1	3863	4879808
scaff_group001	JAEPEU010008160.1	3863	4883671
scaff_group001	JAEPEU010008854.1	3863	4887534
scaff_group001	JAEPEU010000187.1	3865	4891399
scaff_group001	JAEPEU010001972.1	3866	4895265
scaff_group001	JAEPEU010008058.1	3866	4899131
scaff_group001	JAEPEU010009045.1	3868	4902999
scaff_group001	JAEPEU010004947.1	3869	4906868
scaff_group001	JAEPEU010008290.1	3869	4910737
scaff_group001	JAEPEU010003226.1	3870	4914607
scaff_group001	JAEPEU010006574.1	3870	4918477
scaff_group001	JAEPEU010005109.1	3873	4922350
scaff_group001	JAEPEU010004619.1	3873	4926223
scaff_group001	JAEPEU010008117.1	3875	4930098
scaff_group001	JAEPEU010001456.1	3876	4933974
scaff_group001	JAEPEU010000336.1	3877	4937851
scaff_group001	JAEPEU010004477.1	3878	4941729
scaff_group001	JAEPEU010004000.1	3880	4945609
scaff_group001	JAEPEU010005108.1	3881	4949490
scaff_group001	JAEPEU010001539.1	3883	4953373
scaff_group001	JAEPEU010004744.1	3884	4957257
scaff_group001	JAEPEU010001689.1	3884	4961141
scaff_group001	JAEPEU010002077.1	3885	4965026
scaff_group001	JAEPEU010000298.1	3886	4968912
scaff_group001	JAEPEU010003920.1	3886	4972798
scaff_group001	JAEPEU010005616.1	3888	4976686
scaff_group001	JAEPEU010005229.1	3891	4980577
scaff_group001	JAEPEU010002827.1	3891	4984468
scaff_group001	JAEPEU010002377.1	3892	4988360
scaff_group001	JAEPEU010001757.1	3894	4992254
scaff_group001	JAEPEU010003522.1	3898	4996152
scaff_group001	JAEPEU010002471.1	3899	5000051
scaff_group001	JAEPEU010003210.1	3900	5003951
scaff_group001	JAEPEU010003700.1	3900	5007851
scaff_group001	JAEPEU010006885.1	3901	5011752
scaff_group001	JAEPEU010001474.1	3902	5015654
scaff_group001	JAEPEU010003917.1	3902	5019556
scaff_group001	JAEPEU010001559.1	3903	5023459
scaff_group001	JAEPEU010000271.1	3909	5027368
scaff_group001	JAEPEU010003201.1	3912	5031280
scaff_group001	JAEPEU010006464.1	3912	5035192
scaff_group001	JAEPEU010005277.1	3913	5039105
scaff_group001	JAEPEU010004017.1	3913	5043018
scaff_group001	JAEPEU010009670.1	3913	5046931
scaff_group001	JAEPEU010006836.1	3913	5050844
scaff_group001	JAEPEU010001635.1	3914	5054758
scaff_group001	JAEPEU010001835.1	3915	5058673
scaff_group001	JAEPEU010002981.1	3915	5062588
scaff_group001	JAEPEU010000040.1	3916	5066504
scaff_group001	JAEPEU010003355.1	3919	5070423
scaff_group001	JAEPEU010003170.1	3919	5074342
scaff_group001	JAEPEU010009333.1	3924	5078266
scaff_group001	JAEPEU010000397.1	3926	5082192
scaff_group001	JAEPEU010001375.1	3926	5086118
scaff_group001	JAEPEU010007487.1	3926	5090044
scaff_group001	JAEPEU010002572.1	3927	5093971
scaff_group001	JAEPEU010001351.1	3928	5097899
scaff_group001	JAEPEU010002787.1	3929	5101828
scaff_group001	JAEPEU010001284.1	3930	5105758
scaff_group001	JAEPEU010000315.1	3931	5109689
scaff_group001	JAEPEU010000569.1	3931	5113620
scaff_group001	JAEPEU010006322.1	3934	5117554
scaff_group001	JAEPEU010002177.1	3936	5121490
scaff_group001	JAEPEU010004452.1	3938	5125428
scaff_group001	JAEPEU010002438.1	3939	5129367
scaff_group001	JAEPEU010002982.1	3939	5133306
scaff_group001	JAEPEU010005432.1	3940	5137246
scaff_group001	JAEPEU010000048.1	3941	5141187
scaff_group001	JAEPEU010003497.1	3943	5145130
scaff_group001	JAEPEU010008972.1	3946	5149076
scaff_group001	JAEPEU010001863.1	3947	5153023
scaff_group001	JAEPEU010003325.1	3948	5156971
scaff_group001	JAEPEU010008430.1	3948	5160919
scaff_group001	JAEPEU010009384.1	3949	5164868
scaff_group001	JAEPEU010006911.1	3954	5168822
scaff_group001	JAEPEU010006926.1	3955	5172777
scaff_group001	JAEPEU010006797.1	3956	5176733
scaff_group001	JAEPEU010000507.1	3957	5180690
scaff_group001	JAEPEU010001875.1	3959	5184649
scaff_group001	JAEPEU010004395.1	3959	5188608
scaff_group001	JAEPEU010008946.1	3960	5192568
scaff_group001	JAEPEU010007070.1	3961	5196529
scaff_group001	JAEPEU010008765.1	3961	5200490
scaff_group001	JAEPEU010006055.1	3961	5204451
scaff_group001	JAEPEU010006436.1	3961	5208412
scaff_group001	JAEPEU010003893.1	3964	5212376
scaff_group001	JAEPEU010000989.1	3970	5216346
scaff_group001	JAEPEU010000445.1	3971	5220317
scaff_group001	JAEPEU010003242.1	3971	5224288
scaff_group001	JAEPEU010009528.1	3972	5228260
scaff_group001	JAEPEU010005284.1	3973	5232233
scaff_group001	JAEPEU010009857.1	3973	5236206
scaff_group001	JAEPEU010002362.1	3973	5240179
scaff_group001	JAEPEU010000290.1	3974	5244153
scaff_group001	JAEPEU010001891.1	3974	5248127
scaff_group001	JAEPEU010008933.1	3977	5252104
scaff_group001	JAEPEU010008360.1	3978	5256082
scaff_group001	JAEPEU010003007.1	3979	5260061
scaff_group001	JAEPEU010004706.1	3979	5264040
scaff_group001	JAEPEU010007235.1	3979	5268019
scaff_group001	JAEPEU010006500.1	3980	5271999
scaff_group001	JAEPEU010006348.1	3980	5275979
scaff_group001	JAEPEU010003987.1	3981	5279960
scaff_group001	JAEPEU010000851.1	3981	5283941
scaff_group001	JAEPEU010002388.1	3982	5287923
scaff_group001	JAEPEU010002912.1	3982	5291905
scaff_group001	JAEPEU010003498.1	3982	5295887
scaff_group001	JAEPEU010008062.1	3982	5299869
scaff_group001	JAEPEU010005092.1	3984	5303853
scaff_group001	JAEPEU010002116.1	3987	5307840
scaff_group001	JAEPEU010000356.1	3987	5311827
scaff_group001	JAEPEU010003815.1	3989	5315816
scaff_group001	JAEPEU010007890.1	3989	5319805
scaff_group001	JAEPEU010008346.1	3989	5323794
scaff_group001	JAEPEU010003568.1	3994	5327788
scaff_group001	JAEPEU010003925.1	3994	5331782
scaff_group001	JAEPEU010003907.1	3996	5335778
scaff_group001	JAEPEU010008394.1	3996	5339774
scaff_group001	JAEPEU010004484.1	3997	5343771
scaff_group001	JAEPEU010009701.1	3998	5347769
scaff_group001	JAEPEU010002803.1	3999	5351768
scaff_group001	JAEPEU010003850.1	3999	5355767
scaff_group001	JAEPEU010007901.1	4000	5359767
scaff_group001	JAEPEU010007485.1	4004	5363771
scaff_group001	JAEPEU010003265.1	4005	5367776
scaff_group001	JAEPEU010008691.1	4005	5371781
scaff_group001	JAEPEU010002111.1	4008	5375789
scaff_group001	JAEPEU010004854.1	4010	5379799
scaff_group001	JAEPEU010005713.1	4012	5383811
scaff_group001	JAEPEU010008797.1	4013	5387824
scaff_group001	JAEPEU010003230.1	4014	5391838
scaff_group001	JAEPEU010006120.1	4014	5395852
scaff_group001	JAEPEU010001464.1	4015	5399867
scaff_group001	JAEPEU010006161.1	4018	5403885
scaff_group001	JAEPEU010009565.1	4019	5407904
scaff_group001	JAEPEU010000137.1	4019	5411923
scaff_group001	JAEPEU010003814.1	4019	5415942
scaff_group001	JAEPEU010008672.1	4019	5419961
scaff_group001	JAEPEU010002560.1	4021	5423982
scaff_group001	JAEPEU010001318.1	4022	5428004
scaff_group001	JAEPEU010005620.1	4022	5432026
scaff_group001	JAEPEU010006801.1	4022	5436048
scaff_group001	JAEPEU010002441.1	4023	5440071
scaff_group001	JAEPEU010009517.1	4024	5444095
scaff_group001	JAEPEU010001003.1	4024	5448119
scaff_group001	JAEPEU010000482.1	4026	5452145
scaff_group001	JAEPEU010001404.1	4027	5456172
scaff_group001	JAEPEU010003879.1	4028	5460200
scaff_group001	JAEPEU010009383.1	4029	5464229
scaff_group001	JAEPEU010003542.1	4030	5468259
scaff_group001	JAEPEU010003694.1	4030	5472289
scaff_group001	JAEPEU010006808.1	4031	5476320
scaff_group001	JAEPEU010000696.1	4033	5480353
scaff_group001	JAEPEU010003128.1	4033	5484386
scaff_group001	JAEPEU010004323.1	4034	5488420
scaff_group001	JAEPEU010002933.1	4035	5492455
scaff_group001	JAEPEU010009916.1	4036	5496491
scaff_group001	JAEPEU010007747.1	4039	5500530
scaff_group001	JAEPEU010001333.1	4039	5504569
scaff_group001	JAEPEU010002951.1	4040	5508609
scaff_group001	JAEPEU010006767.1	4042	5512651
scaff_group001	JAEPEU010002863.1	4043	5516694
scaff_group001	JAEPEU010007342.1	4043	5520737
scaff_group001	JAEPEU010009834.1	4044	5524781
scaff_group001	JAEPEU010002160.1	4044	5528825
scaff_group001	JAEPEU010007800.1	4049	5532874
scaff_group001	JAEPEU010003526.1	4050	5536924
scaff_group001	JAEPEU010003886.1	4051	5540975
scaff_group001	JAEPEU010004787.1	4052	5545027
scaff_group001	JAEPEU010000414.1	4052	5549079
scaff_group001	JAEPEU010008310.1	4052	5553131
scaff_group001	JAEPEU010001103.1	4055	5557186
scaff_group001	JAEPEU010001990.1	4056	5561242
scaff_group001	JAEPEU010002505.1	4056	5565298
scaff_group001	JAEPEU010008846.1	4059	5569357
scaff_group001	JAEPEU010008476.1	4063	5573420
scaff_group001	JAEPEU010007527.1	4064	5577484
scaff_group001	JAEPEU010003980.1	4068	5581552
scaff_group001	JAEPEU010005308.1	4069	5585621
scaff_group001	JAEPEU010001167.1	4069	5589690
scaff_group001	JAEPEU010005459.1	4070	5593760
scaff_group001	JAEPEU010002896.1	4070	5597830
scaff_group001	JAEPEU010003476.1	4070	5601900
scaff_group001	JAEPEU010008261.1	4072	5605972
scaff_group001	JAEPEU010006559.1	4073	5610045
scaff_group001	JAEPEU010002745.1	4074	5614119
scaff_group001	JAEPEU010008568.1	4074	5618193
scaff_group001	JAEPEU010005709.1	4075	5622268
scaff_group001	JAEPEU010002947.1	4076	5626344
scaff_group001	JAEPEU010007415.1	4076	5630420
scaff_group001	JAEPEU010001724.1	4077	5634497
scaff_group001	JAEPEU010006026.1	4077	5638574
scaff_group001	JAEPEU010009346.1	4078	5642652
scaff_group001	JAEPEU010002207.1	4078	5646730
scaff_group001	JAEPEU010003933.1	4078	5650808
scaff_group001	JAEPEU010000499.1	4078	5654886
scaff_group001	JAEPEU010000409.1	4079	5658965
scaff_group001	JAEPEU010000412.1	4079	5663044
scaff_group001	JAEPEU010003637.1	4079	5667123
scaff_group001	JAEPEU010007881.1	4079	5671202
scaff_group001	JAEPEU010007765.1	4080	5675282
scaff_group001	JAEPEU010009298.1	4080	5679362
scaff_group001	JAEPEU010000674.1	4081	5683443
scaff_group001	JAEPEU010005845.1	4083	5687526
scaff_group001	JAEPEU010002073.1	4086	5691612
scaff_group001	JAEPEU010004179.1	4087	5695699
scaff_group001	JAEPEU010005354.1	4088	5699787
scaff_group001	JAEPEU010004197.1	4088	5703875
scaff_group001	JAEPEU010001574.1	4090	5707965
scaff_group001	JAEPEU010004767.1	4090	5712055
scaff_group001	JAEPEU010001292.1	4091	5716146
scaff_group001	JAEPEU010000830.1	4091	5720237
scaff_group001	JAEPEU010005030.1	4092	5724329
scaff_group001	JAEPEU010004242.1	4094	5728423
scaff_group001	JAEPEU010009161.1	4096	5732519
scaff_group001	JAEPEU010001826.1	4099	5736618
scaff_group001	JAEPEU010009671.1	4100	5740718
scaff_group001	JAEPEU010004801.1	4103	5744821
scaff_group001	JAEPEU010007944.1	4104	5748925
scaff_group001	JAEPEU010004475.1	4105	5753030
scaff_group001	JAEPEU010007152.1	4106	5757136
scaff_group001	JAEPEU010002234.1	4106	5761242
scaff_group001	JAEPEU010000135.1	4107	5765349
scaff_group001	JAEPEU010004454.1	4107	5769456
scaff_group001	JAEPEU010006721.1	4107	5773563
scaff_group001	JAEPEU010000579.1	4108	5777671
scaff_group001	JAEPEU010003812.1	4109	5781780
scaff_group001	JAEPEU010005720.1	4111	5785891
scaff_group001	JAEPEU010003546.1	4112	5790003
scaff_group001	JAEPEU010004015.1	4112	5794115
scaff_group001	JAEPEU010009818.1	4113	5798228
scaff_group001	JAEPEU010000042.1	4114	5802342
scaff_group001	JAEPEU010003896.1	4115	5806457
scaff_group001	JAEPEU010004008.1	4115	5810572
scaff_group001	JAEPEU010003676.1	4116	5814688
scaff_group001	JAEPEU010003885.1	4117	5818805
scaff_group001	JAEPEU010003103.1	4120	5822925
scaff_group001	JAEPEU010007761.1	4121	5827046
scaff_group001	JAEPEU010002155.1	4122	5831168
scaff_group001	JAEPEU010003543.1	4122	5835290
scaff_group001	JAEPEU010009813.1	4123	5839413
scaff_group001	JAEPEU010004611.1	4124	5843537
scaff_group001	JAEPEU010003758.1	4128	5847665
scaff_group001	JAEPEU010000045.1	4130	5851795
scaff_group001	JAEPEU010008051.1	4130	5855925
scaff_group001	JAEPEU010009525.1	4132	5860057
scaff_group001	JAEPEU010008471.1	4133	5864190
scaff_group001	JAEPEU010003183.1	4135	5868325
scaff_group001	JAEPEU010000065.1	4140	5872465
scaff_group001	JAEPEU010002278.1	4141	5876606
scaff_group001	JAEPEU010004184.1	4141	5880747
scaff_group001	JAEPEU010006742.1	4141	5884888
scaff_group001	JAEPEU010002516.1	4143	5889031
scaff_group001	JAEPEU010001430.1	4144	5893175
scaff_group001	JAEPEU010003848.1	4144	5897319
scaff_group001	JAEPEU010002277.1	4148	5901467
scaff_group001	JAEPEU010002931.1	4150	5905617
scaff_group001	JAEPEU010009786.1	4151	5909768
scaff_group001	JAEPEU010009876.1	4152	5913920
scaff_group001	JAEPEU010000619.1	4152	5918072
scaff_group001	JAEPEU010008710.1	4153	5922225
scaff_group001	JAEPEU010000341.1	4154	5926379
scaff_group001	JAEPEU010008922.1	4155	5930534
scaff_group001	JAEPEU010008824.1	4156	5934690
scaff_group001	JAEPEU010004241.1	4157	5938847
scaff_group001	JAEPEU010001771.1	4158	5943005
scaff_group001	JAEPEU010003402.1	4158	5947163
scaff_group001	JAEPEU010004403.1	4161	5951324
scaff_group001	JAEPEU010003852.1	4162	5955486
scaff_group001	JAEPEU010009013.1	4163	5959649
scaff_group001	JAEPEU010003407.1	4165	5963814
scaff_group001	JAEPEU010002102.1	4166	5967980
scaff_group001	JAEPEU010005437.1	4166	5972146
scaff_group001	JAEPEU010009966.1	4166	5976312
scaff_group001	JAEPEU010002645.1	4168	5980480
scaff_group001	JAEPEU010009694.1	4171	5984651
scaff_group001	JAEPEU010001289.1	4172	5988823
scaff_group001	JAEPEU010004058.1	4175	5992998
scaff_group001	JAEPEU010003262.1	4175	5997173
scaff_group001	JAEPEU010000794.1	4175	6001348
scaff_group001	JAEPEU010003506.1	4178	6005526
scaff_group001	JAEPEU010001367.1	4179	6009705
scaff_group001	JAEPEU010009882.1	4181	6013886
scaff_group001	JAEPEU010002605.1	4181	6018067
scaff_group001	JAEPEU010007709.1	4182	6022249
scaff_group001	JAEPEU010000576.1	4183	6026432
scaff_group001	JAEPEU010001823.1	4186	6030618
scaff_group001	JAEPEU010007307.1	4186	6034804
scaff_group001	JAEPEU010006960.1	4188	6038992
scaff_group001	JAEPEU010002085.1	4189	6043181
scaff_group001	JAEPEU010004019.1	4189	6047370
scaff_group001	JAEPEU010005470.1	4190	6051560
scaff_group001	JAEPEU010001746.1	4192	6055752
scaff_group001	JAEPEU010002519.1	4192	6059944
scaff_group001	JAEPEU010003768.1	4192	6064136
scaff_group001	JAEPEU010004363.1	4195	6068331
scaff_group001	JAEPEU010004136.1	4199	6072530
scaff_group001	JAEPEU010009136.1	4199	6076729
scaff_group001	JAEPEU010004987.1	4202	6080931
scaff_group001	JAEPEU010008889.1	4202	6085133
scaff_group001	JAEPEU010005368.1	4203	6089336
scaff_group001	JAEPEU010002626.1	4203	6093539
scaff_group001	JAEPEU010006041.1	4203	6097742
scaff_group001	JAEPEU010003204.1	4204	6101946
scaff_group001	JAEPEU010003740.1	4204	6106150
scaff_group001	JAEPEU010006062.1	4206	6110356
scaff_group001	JAEPEU010007008.1	4206	6114562
scaff_group001	JAEPEU010002230.1	4207	6118769
scaff_group001	JAEPEU010006427.1	4208	6122977
scaff_group001	JAEPEU010003470.1	4210	6127187
scaff_group001	JAEPEU010007917.1	4212	6131399
scaff_group001	JAEPEU010007819.1	4213	6135612
scaff_group001	JAEPEU010009395.1	4214	6139826
scaff_group001	JAEPEU010006396.1	4214	6144040
scaff_group001	JAEPEU010007718.1	4215	6148255
scaff_group001	JAEPEU010002796.1	4215	6152470
scaff_group001	JAEPEU010003374.1	4215	6156685
scaff_group001	JAEPEU010007108.1	4219	6160904
scaff_group001	JAEPEU010004380.1	4219	6165123
scaff_group001	JAEPEU010005297.1	4221	6169344
scaff_group001	JAEPEU010003750.1	4224	6173568
scaff_group001	JAEPEU010004504.1	4224	6177792
scaff_group001	JAEPEU010005516.1	4225	6182017
scaff_group001	JAEPEU010004704.1	4227	6186244
scaff_group001	JAEPEU010005386.1	4228	6190472
scaff_group001	JAEPEU010003638.1	4228	6194700
scaff_group001	JAEPEU010005154.1	4228	6198928
scaff_group001	JAEPEU010005504.1	4229	6203157
scaff_group001	JAEPEU010007671.1	4229	6207386
scaff_group001	JAEPEU010003123.1	4231	6211617
scaff_group001	JAEPEU010002137.1	4233	6215850
scaff_group001	JAEPEU010005668.1	4234	6220084
scaff_group001	JAEPEU010000547.1	4235	6224319
scaff_group001	JAEPEU010009520.1	4236	6228555
scaff_group001	JAEPEU010001428.1	4237	6232792
scaff_group001	JAEPEU010005515.1	4238	6237030
scaff_group001	JAEPEU010007144.1	4238	6241268
scaff_group001	JAEPEU010002316.1	4242	6245510
scaff_group001	JAEPEU010004188.1	4244	6249754
scaff_group001	JAEPEU010000882.1	4245	6253999
scaff_group001	JAEPEU010009073.1	4246	6258245
scaff_group001	JAEPEU010004815.1	4247	6262492
scaff_group001	JAEPEU010002763.1	4249	6266741
scaff_group001	JAEPEU010005483.1	4254	6270995
scaff_group001	JAEPEU010002421.1	4254	6275249
scaff_group001	JAEPEU010009271.1	4255	6279504
scaff_group001	JAEPEU010002248.1	4256	6283760
scaff_group001	JAEPEU010008435.1	4256	6288016
scaff_group001	JAEPEU010009803.1	4261	6292277
scaff_group001	JAEPEU010003317.1	4264	6296541
scaff_group001	JAEPEU010005880.1	4265	6300806
scaff_group001	JAEPEU010000394.1	4266	6305072
scaff_group001	JAEPEU010002580.1	4267	6309339
scaff_group001	JAEPEU010003477.1	4267	6313606
scaff_group001	JAEPEU010001175.1	4270	6317876
scaff_group001	JAEPEU010004216.1	4270	6322146
scaff_group001	JAEPEU010006976.1	4270	6326416
scaff_group001	JAEPEU010002462.1	4271	6330687
scaff_group001	JAEPEU010003381.1	4273	6334960
scaff_group001	JAEPEU010006299.1	4273	6339233
scaff_group001	JAEPEU010008628.1	4274	6343507
scaff_group001	JAEPEU010009533.1	4275	6347782
scaff_group001	JAEPEU010006679.1	4275	6352057
scaff_group001	JAEPEU010003360.1	4276	6356333
scaff_group001	JAEPEU010004497.1	4277	6360610
scaff_group001	JAEPEU010000483.1	4277	6364887
scaff_group001	JAEPEU010004835.1	4278	6369165
scaff_group001	JAEPEU010009627.1	4281	6373446
scaff_group001	JAEPEU010002797.1	4281	6377727
scaff_group001	JAEPEU010004206.1	4282	6382009
scaff_group001	JAEPEU010000905.1	4286	6386295
scaff_group001	JAEPEU010006946.1	4286	6390581
scaff_group001	JAEPEU010004195.1	4287	6394868
scaff_group001	JAEPEU010001482.1	4288	6399156
scaff_group001	JAEPEU010002970.1	4288	6403444
scaff_group001	JAEPEU010003349.1	4291	6407735
scaff_group001	JAEPEU010003809.1	4291	6412026
scaff_group001	JAEPEU010005349.1	4292	6416318
scaff_group001	JAEPEU010009035.1	4293	6420611
scaff_group001	JAEPEU010005287.1	4297	6424908
scaff_group001	JAEPEU010004222.1	4298	6429206
scaff_group001	JAEPEU010007330.1	4298	6433504
scaff_group001	JAEPEU010008448.1	4298	6437802
scaff_group001	JAEPEU010009825.1	4300	6442102
scaff_group001	JAEPEU010008826.1	4300	6446402
scaff_group001	JAEPEU010000249.1	4303	6450705
scaff_group001	JAEPEU010003867.1	4304	6455009
scaff_group001	JAEPEU010001512.1	4306	6459315
scaff_group001	JAEPEU010009112.1	4306	6463621
scaff_group001	JAEPEU010005593.1	4308	6467929
scaff_group001	JAEPEU010004356.1	4310	6472239
scaff_group001	JAEPEU010000816.1	4316	6476555
scaff_group001	JAEPEU010002616.1	4317	6480872
scaff_group001	JAEPEU010007878.1	4318	6485190
scaff_group001	JAEPEU010000733.1	4320	6489510
scaff_group001	JAEPEU010008127.1	4320	6493830
scaff_group001	JAEPEU010004873.1	4321	6498151
scaff_group001	JAEPEU010002483.1	4321	6502472
scaff_group001	JAEPEU010002274.1	4322	6506794
scaff_group001	JAEPEU010002456.1	4322	6511116
scaff_group001	JAEPEU010002220.1	4326	6515442
scaff_group001	JAEPEU010009464.1	4328	6519770
scaff_group001	JAEPEU010006658.1	4329	6524099
scaff_group001	JAEPEU010002910.1	4330	6528429
scaff_group001	JAEPEU010002957.1	4332	6532761
scaff_group001	JAEPEU010004438.1	4334	6537095
scaff_group001	JAEPEU010002772.1	4336	6541431
scaff_group001	JAEPEU010009139.1	4336	6545767
scaff_group001	JAEPEU010006687.1	4338	6550105
scaff_group001	JAEPEU010002921.1	4339	6554444
scaff_group001	JAEPEU010008680.1	4339	6558783
scaff_group001	JAEPEU010009044.1	4339	6563122
scaff_group001	JAEPEU010008798.1	4342	6567464
scaff_group001	JAEPEU010001222.1	4343	6571807
scaff_group001	JAEPEU010006228.1	4343	6576150
scaff_group001	JAEPEU010002174.1	4344	6580494
scaff_group001	JAEPEU010005507.1	4345	6584839
scaff_group001	JAEPEU010009249.1	4346	6589185
scaff_group001	JAEPEU010004249.1	4346	6593531
scaff_group001	JAEPEU010007677.1	4347	6597878
scaff_group001	JAEPEU010007035.1	4356	6602234
scaff_group001	JAEPEU010004748.1	4357	6606591
scaff_group001	JAEPEU010002671.1	4358	6610949
scaff_group001	JAEPEU010002158.1	4360	6615309
scaff_group001	JAEPEU010003957.1	4364	6619673
scaff_group001	JAEPEU010009797.1	4367	6624040
scaff_group001	JAEPEU010008638.1	4369	6628409
scaff_group001	JAEPEU010000060.1	4370	6632779
scaff_group001	JAEPEU010005517.1	4371	6637150
scaff_group001	JAEPEU010003950.1	4371	6641521
scaff_group001	JAEPEU010005883.1	4372	6645893
scaff_group001	JAEPEU010005355.1	4374	6650267
scaff_group001	JAEPEU010009629.1	4374	6654641
scaff_group001	JAEPEU010001556.1	4376	6659017
scaff_group001	JAEPEU010003904.1	4376	6663393
scaff_group001	JAEPEU010003027.1	4377	6667770
scaff_group001	JAEPEU010001460.1	4382	6672152
scaff_group001	JAEPEU010006277.1	4382	6676534
scaff_group001	JAEPEU010007160.1	4383	6680917
scaff_group001	JAEPEU010009405.1	4384	6685301
scaff_group001	JAEPEU010006159.1	4384	6689685
scaff_group001	JAEPEU010003738.1	4385	6694070
scaff_group001	JAEPEU010000366.1	4386	6698456
scaff_group001	JAEPEU010005136.1	4388	6702844
scaff_group001	JAEPEU010006717.1	4390	6707234
scaff_group001	JAEPEU010003259.1	4393	6711627
scaff_group001	JAEPEU010003338.1	4394	6716021
scaff_group001	JAEPEU010009455.1	4394	6720415
scaff_group001	JAEPEU010009392.1	4397	6724812
scaff_group001	JAEPEU010009543.1	4400	6729212
scaff_group001	JAEPEU010003823.1	4401	6733613
scaff_group001	JAEPEU010006831.1	4402	6738015
scaff_group001	JAEPEU010004426.1	4407	6742422
scaff_group001	JAEPEU010008684.1	4409	6746831
scaff_group001	JAEPEU010001654.1	4414	6751245
scaff_group001	JAEPEU010004190.1	4414	6755659
scaff_group001	JAEPEU010005741.1	4417	6760076
scaff_group001	JAEPEU010006375.1	4417	6764493
scaff_group001	JAEPEU010004701.1	4417	6768910
scaff_group001	JAEPEU010006421.1	4417	6773327
scaff_group001	JAEPEU010004790.1	4418	6777745
scaff_group001	JAEPEU010004362.1	4419	6782164
scaff_group001	JAEPEU010007544.1	4419	6786583
scaff_group001	JAEPEU010008291.1	4419	6791002
scaff_group001	JAEPEU010003559.1	4420	6795422
scaff_group001	JAEPEU010009302.1	4423	6799845
scaff_group001	JAEPEU010000571.1	4423	6804268
scaff_group001	JAEPEU010008371.1	4425	6808693
scaff_group001	JAEPEU010004244.1	4426	6813119
scaff_group001	JAEPEU010003079.1	4427	6817546
scaff_group001	JAEPEU010003555.1	4428	6821974
scaff_group001	JAEPEU010009000.1	4428	6826402
scaff_group001	JAEPEU010007724.1	4431	6830833
scaff_group001	JAEPEU010007609.1	4431	6835264
scaff_group001	JAEPEU010001551.1	4432	6839696
scaff_group001	JAEPEU010004153.1	4433	6844129
scaff_group001	JAEPEU010002938.1	4434	6848563
scaff_group001	JAEPEU010009663.1	4434	6852997
scaff_group001	JAEPEU010009080.1	4436	6857433
scaff_group001	JAEPEU010001151.1	4441	6861874
scaff_group001	JAEPEU010001298.1	4443	6866317
scaff_group001	JAEPEU010006889.1	4443	6870760
scaff_group001	JAEPEU010005497.1	4444	6875204
scaff_group001	JAEPEU010004315.1	4455	6879659
scaff_group001	JAEPEU010007927.1	4456	6884115
scaff_group001	JAEPEU010005391.1	4457	6888572
scaff_group001	JAEPEU010008088.1	4457	6893029
scaff_group001	JAEPEU010003667.1	4460	6897489
scaff_group001	JAEPEU010006622.1	4460	6901949
scaff_group001	JAEPEU010007120.1	4461	6906410
scaff_group001	JAEPEU010002408.1	4461	6910871
scaff_group001	JAEPEU010008264.1	4463	6915334
scaff_group001	JAEPEU010004857.1	4464	6919798
scaff_group001	JAEPEU010002042.1	4464	6924262
scaff_group001	JAEPEU010002732.1	4464	6928726
scaff_group001	JAEPEU010006649.1	4467	6933193
scaff_group001	JAEPEU010001679.1	4469	6937662
scaff_group001	JAEPEU010003291.1	4469	6942131
scaff_group001	JAEPEU010009593.1	4479	6946610
scaff_group001	JAEPEU010005280.1	4481	6951091
scaff_group001	JAEPEU010008907.1	4484	6955575
scaff_group001	JAEPEU010007143.1	4488	6960063
scaff_group001	JAEPEU010009609.1	4489	6964552
scaff_group001	JAEPEU010002279.1	4489	6969041
scaff_group001	JAEPEU010002865.1	4489	6973530
scaff_group001	JAEPEU010002627.1	4490	6978020
scaff_group001	JAEPEU010006572.1	4490	6982510
scaff_group001	JAEPEU010003702.1	4493	6987003
scaff_group001	JAEPEU010006825.1	4494	6991497
scaff_group001	JAEPEU010008956.1	4494	6995991
scaff_group001	JAEPEU010003897.1	4496	7000487
scaff_group001	JAEPEU010009887.1	4498	7004985
scaff_group001	JAEPEU010002089.1	4498	7009483
scaff_group001	JAEPEU010001267.1	4504	7013987
scaff_group001	JAEPEU010001643.1	4505	7018492
scaff_group001	JAEPEU010006981.1	4507	7022999
scaff_group001	JAEPEU010002720.1	4508	7027507
scaff_group001	JAEPEU010004284.1	4510	7032017
scaff_group001	JAEPEU010006973.1	4516	7036533
scaff_group001	JAEPEU010000602.1	4519	7041052
scaff_group001	JAEPEU010007236.1	4521	7045573
scaff_group001	JAEPEU010001711.1	4523	7050096
scaff_group001	JAEPEU010001873.1	4528	7054624
scaff_group001	JAEPEU010004022.1	4528	7059152
scaff_group001	JAEPEU010000510.1	4529	7063681
scaff_group001	JAEPEU010009308.1	4530	7068211
scaff_group001	JAEPEU010008185.1	4530	7072741
scaff_group001	JAEPEU010007032.1	4531	7077272
scaff_group001	JAEPEU010000056.1	4534	7081806
scaff_group001	JAEPEU010000348.1	4534	7086340
scaff_group001	JAEPEU010005402.1	4535	7090875
scaff_group001	JAEPEU010006912.1	4535	7095410
scaff_group001	JAEPEU010009780.1	4537	7099947
scaff_group001	JAEPEU010002936.1	4537	7104484
scaff_group001	JAEPEU010009149.1	4538	7109022
scaff_group001	JAEPEU010004569.1	4539	7113561
scaff_group001	JAEPEU010005346.1	4541	7118102
scaff_group001	JAEPEU010006047.1	4544	7122646
scaff_group001	JAEPEU010000353.1	4546	7127192
scaff_group001	JAEPEU010004248.1	4547	7131739
scaff_group001	JAEPEU010009575.1	4549	7136288
scaff_group001	JAEPEU010004583.1	4554	7140842
scaff_group001	JAEPEU010000668.1	4555	7145397
scaff_group001	JAEPEU010005344.1	4558	7149955
scaff_group001	JAEPEU010009900.1	4559	7154514
scaff_group001	JAEPEU010001440.1	4559	7159073
scaff_group001	JAEPEU010004070.1	4560	7163633
scaff_group001	JAEPEU010006532.1	4560	7168193
scaff_group001	JAEPEU010001412.1	4561	7172754
scaff_group001	JAEPEU010005739.1	4562	7177316
scaff_group001	JAEPEU010003692.1	4563	7181879
scaff_group001	JAEPEU010009678.1	4565	7186444
scaff_group001	JAEPEU010004081.1	4566	7191010
scaff_group001	JAEPEU010001420.1	4569	7195579
scaff_group001	JAEPEU010000337.1	4570	7200149
scaff_group001	JAEPEU010002046.1	4570	7204719
scaff_group001	JAEPEU010004350.1	4575	7209294
scaff_group001	JAEPEU010000209.1	4576	7213870
scaff_group001	JAEPEU010004747.1	4584	7218454
scaff_group001	JAEPEU010004493.1	4586	7223040
scaff_group001	JAEPEU010000818.1	4590	7227630
scaff_group001	JAEPEU010008548.1	4591	7232221
scaff_group001	JAEPEU010009962.1	4593	7236814
scaff_group001	JAEPEU010008930.1	4593	7241407
scaff_group001	JAEPEU010000109.1	4600	7246007
scaff_group001	JAEPEU010006914.1	4602	7250609
scaff_group001	JAEPEU010005786.1	4603	7255212
scaff_group001	JAEPEU010001383.1	4607	7259819
scaff_group001	JAEPEU010009924.1	4609	7264428
scaff_group001	JAEPEU010003252.1	4610	7269038
scaff_group001	JAEPEU010005972.1	4612	7273650
scaff_group001	JAEPEU010008385.1	4614	7278264
scaff_group001	JAEPEU010000402.1	4615	7282879
scaff_group001	JAEPEU010004889.1	4618	7287497
scaff_group001	JAEPEU010001857.1	4623	7292120
scaff_group001	JAEPEU010007702.1	4624	7296744
scaff_group001	JAEPEU010002719.1	4624	7301368
scaff_group001	JAEPEU010009521.1	4625	7305993
scaff_group001	JAEPEU010007646.1	4625	7310618
scaff_group001	JAEPEU010001006.1	4626	7315244
scaff_group001	JAEPEU010005732.1	4629	7319873
scaff_group001	JAEPEU010007197.1	4631	7324504
scaff_group001	JAEPEU010005419.1	4633	7329137
scaff_group001	JAEPEU010007106.1	4634	7333771
scaff_group001	JAEPEU010001904.1	4634	7338405
scaff_group001	JAEPEU010007551.1	4634	7343039
scaff_group001	JAEPEU010007036.1	4636	7347675
scaff_group001	JAEPEU010003237.1	4638	7352313
scaff_group001	JAEPEU010006813.1	4640	7356953
scaff_group001	JAEPEU010000276.1	4643	7361596
scaff_group001	JAEPEU010001416.1	4643	7366239
scaff_group001	JAEPEU010006965.1	4643	7370882
scaff_group001	JAEPEU010003240.1	4650	7375532
scaff_group001	JAEPEU010002000.1	4654	7380186
scaff_group001	JAEPEU010009409.1	4660	7384846
scaff_group001	JAEPEU010002792.1	4660	7389506
scaff_group001	JAEPEU010007283.1	4663	7394169
scaff_group001	JAEPEU010002742.1	4666	7398835
scaff_group001	JAEPEU010003661.1	4666	7403501
scaff_group001	JAEPEU010005525.1	4666	7408167
scaff_group001	JAEPEU010009585.1	4667	7412834
scaff_group001	JAEPEU010001921.1	4670	7417504
scaff_group001	JAEPEU010000718.1	4672	7422176
scaff_group001	JAEPEU010000432.1	4675	7426851
scaff_group001	JAEPEU010003659.1	4675	7431526
scaff_group001	JAEPEU010007195.1	4677	7436203
scaff_group001	JAEPEU010003422.1	4679	7440882
scaff_group001	JAEPEU010006126.1	4679	7445561
scaff_group001	JAEPEU010004762.1	4682	7450243
scaff_group001	JAEPEU010004392.1	4683	7454926
scaff_group001	JAEPEU010000495.1	4683	7459609
scaff_group001	JAEPEU010006744.1	4683	7464292
scaff_group001	JAEPEU010007352.1	4685	7468977
scaff_group001	JAEPEU010003379.1	4686	7473663
scaff_group001	JAEPEU010006357.1	4686	7478349
scaff_group001	JAEPEU010009350.1	4687	7483036
scaff_group001	JAEPEU010001281.1	4687	7487723
scaff_group001	JAEPEU010001627.1	4688	7492411
scaff_group001	JAEPEU010009564.1	4689	7497100
scaff_group001	JAEPEU010001754.1	4692	7501792
scaff_group001	JAEPEU010003430.1	4692	7506484
scaff_group001	JAEPEU010003687.1	4693	7511177
scaff_group001	JAEPEU010005293.1	4696	7515873
scaff_group001	JAEPEU010001716.1	4696	7520569
scaff_group001	JAEPEU010002733.1	4696	7525265
scaff_group001	JAEPEU010006080.1	4697	7529962
scaff_group001	JAEPEU010006414.1	4697	7534659
scaff_group001	JAEPEU010008214.1	4697	7539356
scaff_group001	JAEPEU010009588.1	4702	7544058
scaff_group001	JAEPEU010001531.1	4702	7548760
scaff_group001	JAEPEU010001712.1	4706	7553466
scaff_group001	JAEPEU010002392.1	4707	7558173
scaff_group001	JAEPEU010002741.1	4713	7562886
scaff_group001	JAEPEU010004550.1	4715	7567601
scaff_group001	JAEPEU010004278.1	4716	7572317
scaff_group001	JAEPEU010001141.1	4725	7577042
scaff_group001	JAEPEU010002521.1	4726	7581768
scaff_group001	JAEPEU010008305.1	4728	7586496
scaff_group001	JAEPEU010003631.1	4729	7591225
scaff_group001	JAEPEU010008072.1	4730	7595955
scaff_group001	JAEPEU010008776.1	4732	7600687
scaff_group001	JAEPEU010004642.1	4735	7605422
scaff_group001	JAEPEU010003984.1	4737	7610159
scaff_group001	JAEPEU010007667.1	4738	7614897
scaff_group001	JAEPEU010008533.1	4739	7619636
scaff_group001	JAEPEU010000679.1	4740	7624376
scaff_group001	JAEPEU010007725.1	4742	7629118
scaff_group001	JAEPEU010007439.1	4742	7633860
scaff_group001	JAEPEU010006215.1	4744	7638604
scaff_group001	JAEPEU010004306.1	4745	7643349
scaff_group001	JAEPEU010000707.1	4745	7648094
scaff_group001	JAEPEU010002530.1	4746	7652840
scaff_group001	JAEPEU010008735.1	4748	7657588
scaff_group001	JAEPEU010005779.1	4750	7662338
scaff_group001	JAEPEU010002833.1	4751	7667089
scaff_group001	JAEPEU010006764.1	4751	7671840
scaff_group001	JAEPEU010002884.1	4752	7676592
scaff_group001	JAEPEU010004974.1	4755	7681347
scaff_group001	JAEPEU010004764.1	4758	7686105
scaff_group001	JAEPEU010003180.1	4760	7690865
scaff_group001	JAEPEU010007004.1	4764	7695629
scaff_group001	JAEPEU010003396.1	4771	7700400
scaff_group001	JAEPEU010006699.1	4771	7705171
scaff_group001	JAEPEU010002361.1	4772	7709943
scaff_group001	JAEPEU010009291.1	4773	7714716
scaff_group001	JAEPEU010002877.1	4775	7719491
scaff_group001	JAEPEU010004491.1	4776	7724267
scaff_group001	JAEPEU010002231.1	4777	7729044
scaff_group001	JAEPEU010002721.1	4785	7733829
scaff_group001	JAEPEU010003441.1	4787	7738616
scaff_group001	JAEPEU010004072.1	4792	7743408
scaff_group001	JAEPEU010008806.1	4797	7748205
scaff_group001	JAEPEU010004645.1	4799	7753004
scaff_group001	JAEPEU010001389.1	4800	7757804
scaff_group001	JAEPEU010008530.1	4803	7762607
scaff_group001	JAEPEU010005302.1	4806	7767413
scaff_group001	JAEPEU010009867.1	4807	7772220
scaff_group001	JAEPEU010001408.1	4809	7777029
scaff_group001	JAEPEU010008292.1	4809	7781838
scaff_group001	JAEPEU010001095.1	4811	7786649
scaff_group001	JAEPEU010003467.1	4819	7791468
scaff_group001	JAEPEU010007426.1	4819	7796287
scaff_group001	JAEPEU010004412.1	4823	7801110
scaff_group001	JAEPEU010007759.1	4824	7805934
scaff_group001	JAEPEU010001558.1	4825	7810759
scaff_group001	JAEPEU010003483.1	4825	7815584
scaff_group001	JAEPEU010003570.1	4826	7820410
scaff_group001	JAEPEU010005650.1	4828	7825238
scaff_group001	JAEPEU010002136.1	4836	7830074
scaff_group001	JAEPEU010007843.1	4839	7834913
scaff_group001	JAEPEU010003719.1	4840	7839753
scaff_group001	JAEPEU010009501.1	4842	7844595
scaff_group001	JAEPEU010005624.1	4843	7849438
scaff_group001	JAEPEU010007903.1	4845	7854283
scaff_group001	JAEPEU010003315.1	4851	7859134
scaff_group001	JAEPEU010003576.1	4851	7863985
scaff_group001	JAEPEU010008864.1	4854	7868839
scaff_group001	JAEPEU010007743.1	4855	7873694
scaff_group001	JAEPEU010005466.1	4856	7878550
scaff_group001	JAEPEU010009546.1	4858	7883408
scaff_group001	JAEPEU010001311.1	4860	7888268
scaff_group001	JAEPEU010006614.1	4861	7893129
scaff_group001	JAEPEU010008235.1	4862	7897991
scaff_group001	JAEPEU010003698.1	4865	7902856
scaff_group001	JAEPEU010006856.1	4865	7907721
scaff_group001	JAEPEU010006968.1	4867	7912588
scaff_group001	JAEPEU010002813.1	4868	7917456
scaff_group001	JAEPEU010000195.1	4870	7922326
scaff_group001	JAEPEU010002602.1	4870	7927196
scaff_group001	JAEPEU010007809.1	4871	7932067
scaff_group001	JAEPEU010004418.1	4873	7936940
scaff_group001	JAEPEU010006234.1	4891	7941831
scaff_group001	JAEPEU010001570.1	4893	7946724
scaff_group001	JAEPEU010002878.1	4898	7951622
scaff_group001	JAEPEU010004405.1	4900	7956522
scaff_group001	JAEPEU010001852.1	4902	7961424
scaff_group001	JAEPEU010005095.1	4905	7966329
scaff_group001	JAEPEU010005821.1	4905	7971234
scaff_group001	JAEPEU010003918.1	4907	7976141
scaff_group001	JAEPEU010008657.1	4907	7981048
scaff_group001	JAEPEU010002820.1	4908	7985956
scaff_group001	JAEPEU010003423.1	4911	7990867
scaff_group001	JAEPEU010000541.1	4914	7995781
scaff_group001	JAEPEU010004032.1	4915	8000696
scaff_group001	JAEPEU010008136.1	4915	8005611
scaff_group001	JAEPEU010009270.1	4918	8010529
scaff_group001	JAEPEU010008731.1	4922	8015451
scaff_group001	JAEPEU010003410.1	4926	8020377
scaff_group001	JAEPEU010004461.1	4934	8025311
scaff_group001	JAEPEU010006349.1	4934	8030245
scaff_group001	JAEPEU010004243.1	4943	8035188
scaff_group001	JAEPEU010009069.1	4944	8040132
scaff_group001	JAEPEU010003914.1	4951	8045083
scaff_group001	JAEPEU010009601.1	4953	8050036
scaff_group001	JAEPEU010006463.1	4955	8054991
scaff_group001	JAEPEU010002563.1	4956	8059947
scaff_group001	JAEPEU010005058.1	4956	8064903
scaff_group001	JAEPEU010002329.1	4966	8069869
scaff_group001	JAEPEU010003026.1	4966	8074835
scaff_group001	JAEPEU010001705.1	4968	8079803
scaff_group001	JAEPEU010001663.1	4969	8084772
scaff_group001	JAEPEU010002735.1	4970	8089742
scaff_group001	JAEPEU010009515.1	4971	8094713
scaff_group001	JAEPEU010008859.1	4971	8099684
scaff_group001	JAEPEU010007720.1	4972	8104656
scaff_group001	JAEPEU010004649.1	4975	8109631
scaff_group001	JAEPEU010007632.1	4975	8114606
scaff_group001	JAEPEU010008076.1	4976	8119582
scaff_group001	JAEPEU010003308.1	4982	8124564
scaff_group001	JAEPEU010002454.1	4984	8129548
scaff_group001	JAEPEU010000881.1	4987	8134535
scaff_group001	JAEPEU010009539.1	4989	8139524
scaff_group001	JAEPEU010005372.1	4990	8144514
scaff_group001	JAEPEU010000520.1	4990	8149504
scaff_group001	JAEPEU010002731.1	4991	8154495
scaff_group001	JAEPEU010004684.1	4993	8159488
scaff_group001	JAEPEU010006291.1	4994	8164482
scaff_group001	JAEPEU010004459.1	4995	8169477
scaff_group001	JAEPEU010001781.1	4997	8174474
scaff_group001	JAEPEU010003926.1	5001	8179475
scaff_group001	JAEPEU010004202.1	5001	8184476
scaff_group001	JAEPEU010004040.1	5005	8189481
scaff_group001	JAEPEU010004883.1	5005	8194486
scaff_group001	JAEPEU010001332.1	5007	8199493
scaff_group001	JAEPEU010007135.1	5010	8204503
scaff_group001	JAEPEU010002922.1	5013	8209516
scaff_group001	JAEPEU010009702.1	5014	8214530
scaff_group001	JAEPEU010008502.1	5015	8219545
scaff_group001	JAEPEU010001214.1	5016	8224561
scaff_group001	JAEPEU010004302.1	5016	8229577
scaff_group001	JAEPEU010004393.1	5016	8234593
scaff_group001	JAEPEU010007475.1	5018	8239611
scaff_group001	JAEPEU010001287.1	5019	8244630
scaff_group001	JAEPEU010001881.1	5027	8249657
scaff_group001	JAEPEU010003464.1	5028	8254685
scaff_group001	JAEPEU010004047.1	5029	8259714
scaff_group001	JAEPEU010003529.1	5030	8264744
scaff_group001	JAEPEU010002952.1	5031	8269775
scaff_group001	JAEPEU010006671.1	5032	8274807
scaff_group001	JAEPEU010007159.1	5034	8279841
scaff_group001	JAEPEU010007154.1	5041	8284882
scaff_group001	JAEPEU010009404.1	5041	8289923
scaff_group001	JAEPEU010003935.1	5045	8294968
scaff_group001	JAEPEU010008849.1	5045	8300013
scaff_group001	JAEPEU010006815.1	5046	8305059
scaff_group001	JAEPEU010003983.1	5051	8310110
scaff_group001	JAEPEU010000862.1	5056	8315166
scaff_group001	JAEPEU010009020.1	5061	8320227
scaff_group001	JAEPEU010004162.1	5066	8325293
scaff_group001	JAEPEU010009765.1	5066	8330359
scaff_group001	JAEPEU010009522.1	5069	8335428
scaff_group001	JAEPEU010003974.1	5070	8340498
scaff_group001	JAEPEU010005327.1	5071	8345569
scaff_group001	JAEPEU010001484.1	5072	8350641
scaff_group001	JAEPEU010008560.1	5077	8355718
scaff_group001	JAEPEU010004856.1	5089	8360807
scaff_group001	JAEPEU010007869.1	5090	8365897
scaff_group001	JAEPEU010008266.1	5091	8370988
scaff_group001	JAEPEU010008986.1	5091	8376079
scaff_group001	JAEPEU010002672.1	5092	8381171
scaff_group001	JAEPEU010002051.1	5094	8386265
scaff_group001	JAEPEU010004320.1	5094	8391359
scaff_group001	JAEPEU010006316.1	5097	8396456
scaff_group001	JAEPEU010002142.1	5098	8401554
scaff_group001	JAEPEU010008782.1	5118	8406672
scaff_group001	JAEPEU010001790.1	5121	8411793
scaff_group001	JAEPEU010007633.1	5122	8416915
scaff_group001	JAEPEU010001532.1	5126	8422041
scaff_group001	JAEPEU010002465.1	5127	8427168
scaff_group001	JAEPEU010001583.1	5134	8432302
scaff_group001	JAEPEU010003009.1	5137	8437439
scaff_group001	JAEPEU010006019.1	5141	8442580
scaff_group001	JAEPEU010006029.1	5143	8447723
scaff_group001	JAEPEU010008510.1	5149	8452872
scaff_group001	JAEPEU010007015.1	5150	8458022
scaff_group001	JAEPEU010004804.1	5153	8463175
scaff_group001	JAEPEU010004286.1	5155	8468330
scaff_group001	JAEPEU010002147.1	5156	8473486
scaff_group001	JAEPEU010002682.1	5157	8478643
scaff_group001	JAEPEU010006774.1	5163	8483806
scaff_group001	JAEPEU010005112.1	5164	8488970
scaff_group001	JAEPEU010006555.1	5166	8494136
scaff_group001	JAEPEU010009630.1	5167	8499303
scaff_group001	JAEPEU010005013.1	5168	8504471
scaff_group001	JAEPEU010004150.1	5169	8509640
scaff_group001	JAEPEU010007069.1	5173	8514813
scaff_group001	JAEPEU010005258.1	5175	8519988
scaff_group001	JAEPEU010007654.1	5178	8525166
scaff_group001	JAEPEU010007514.1	5181	8530347
scaff_group001	JAEPEU010008514.1	5189	8535536
scaff_group001	JAEPEU010008348.1	5191	8540727
scaff_group001	JAEPEU010006193.1	5193	8545920
scaff_group001	JAEPEU010007963.1	5193	8551113
scaff_group001	JAEPEU010003241.1	5194	8556307
scaff_group001	JAEPEU010004166.1	5201	8561508
scaff_group001	JAEPEU010001961.1	5202	8566710
scaff_group001	JAEPEU010003581.1	5202	8571912
scaff_group001	JAEPEU010007876.1	5206	8577118
scaff_group001	JAEPEU010000122.1	5208	8582326
scaff_group001	JAEPEU010006181.1	5208	8587534
scaff_group001	JAEPEU010005012.1	5209	8592743
scaff_group001	JAEPEU010003964.1	5211	8597954
scaff_group001	JAEPEU010004489.1	5214	8603168
scaff_group001	JAEPEU010002066.1	5218	8608386
scaff_group001	JAEPEU010002183.1	5218	8613604
scaff_group001	JAEPEU010005003.1	5221	8618825
scaff_group001	JAEPEU010002746.1	5223	8624048
scaff_group001	JAEPEU010006419.1	5223	8629271
scaff_group001	JAEPEU010000378.1	5223	8634494
scaff_group001	JAEPEU010004097.1	5224	8639718
scaff_group001	JAEPEU010009025.1	5226	8644944
scaff_group001	JAEPEU010000044.1	5233	8650177
scaff_group001	JAEPEU010000527.1	5236	8655413
scaff_group001	JAEPEU010001779.1	5238	8660651
scaff_group001	JAEPEU010004578.1	5241	8665892
scaff_group001	JAEPEU010008866.1	5241	8671133
scaff_group001	JAEPEU010007379.1	5244	8676377
scaff_group001	JAEPEU010006101.1	5245	8681622
scaff_group001	JAEPEU010006323.1	5245	8686867
scaff_group001	JAEPEU010007602.1	5248	8692115
scaff_group001	JAEPEU010003855.1	5251	8697366
scaff_group001	JAEPEU010007682.1	5254	8702620
scaff_group001	JAEPEU010007652.1	5260	8707880
scaff_group001	JAEPEU010006596.1	5268	8713148
scaff_group001	JAEPEU010001589.1	5272	8718420
scaff_group001	JAEPEU010004013.1	5273	8723693
scaff_group001	JAEPEU010004342.1	5279	8728972
scaff_group001	JAEPEU010007248.1	5281	8734253
scaff_group001	JAEPEU010008581.1	5284	8739537
scaff_group001	JAEPEU010001257.1	5287	8744824
scaff_group001	JAEPEU010005388.1	5288	8750112
scaff_group001	JAEPEU010008424.1	5289	8755401
scaff_group001	JAEPEU010007982.1	5294	8760695
scaff_group001	JAEPEU010001818.1	5300	8765995
scaff_group001	JAEPEU010004192.1	5302	8771297
scaff_group001	JAEPEU010000243.1	5310	8776607
scaff_group001	JAEPEU010002817.1	5317	8781924
scaff_group001	JAEPEU010008503.1	5318	8787242
scaff_group001	JAEPEU010005747.1	5323	8792565
scaff_group001	JAEPEU010000852.1	5324	8797889
scaff_group001	JAEPEU010002118.1	5326	8803215
scaff_group001	JAEPEU010000613.1	5329	8808544
scaff_group001	JAEPEU010004877.1	5330	8813874
scaff_group001	JAEPEU010000417.1	5332	8819206
scaff_group001	JAEPEU010002422.1	5333	8824539
scaff_group001	JAEPEU010009316.1	5336	8829875
scaff_group001	JAEPEU010000334.1	5339	8835214
scaff_group001	JAEPEU010000332.1	5343	8840557
scaff_group001	JAEPEU010008980.1	5344	8845901
scaff_group001	JAEPEU010007363.1	5345	8851246
scaff_group001	JAEPEU010007076.1	5359	8856605
scaff_group001	JAEPEU010003286.1	5361	8861966
scaff_group001	JAEPEU010002514.1	5362	8867328
scaff_group001	JAEPEU010003762.1	5362	8872690
scaff_group001	JAEPEU010008147.1	5364	8878054
scaff_group001	JAEPEU010001650.1	5374	8883428
scaff_group001	JAEPEU010005988.1	5382	8888810
scaff_group001	JAEPEU010007647.1	5385	8894195
scaff_group001	JAEPEU010007957.1	5388	8899583
scaff_group001	JAEPEU010004171.1	5390	8904973
scaff_group001	JAEPEU010004727.1	5391	8910364
scaff_group001	JAEPEU010002824.1	5393	8915757
scaff_group001	JAEPEU010003665.1	5399	8921156
scaff_group001	JAEPEU010002640.1	5400	8926556
scaff_group001	JAEPEU010005687.1	5400	8931956
scaff_group001	JAEPEU010008378.1	5400	8937356
scaff_group001	JAEPEU010004039.1	5401	8942757
scaff_group001	JAEPEU010003017.1	5403	8948160
scaff_group001	JAEPEU010003194.1	5404	8953564
scaff_group001	JAEPEU010007104.1	5410	8958974
scaff_group001	JAEPEU010006409.1	5412	8964386
scaff_group001	JAEPEU010006480.1	5412	8969798
scaff_group001	JAEPEU010003654.1	5417	8975215
scaff_group001	JAEPEU010005274.1	5420	8980635
scaff_group001	JAEPEU010008520.1	5425	8986060
scaff_group001	JAEPEU010006640.1	5426	8991486
scaff_group001	JAEPEU010003905.1	5427	8996913
scaff_group001	JAEPEU010007943.1	5429	9002342
scaff_group001	JAEPEU010001809.1	5431	9007773
scaff_group001	JAEPEU010006085.1	5431	9013204
scaff_group001	JAEPEU010009553.1	5432	9018636
scaff_group001	JAEPEU010000688.1	5432	9024068
scaff_group001	JAEPEU010004396.1	5433	9029501
scaff_group001	JAEPEU010008483.1	5443	9034944
scaff_group001	JAEPEU010008746.1	5444	9040388
scaff_group001	JAEPEU010006852.1	5446	9045834
scaff_group001	JAEPEU010003473.1	5449	9051283
scaff_group001	JAEPEU010000309.1	5452	9056735
scaff_group001	JAEPEU010001364.1	5452	9062187
scaff_group001	JAEPEU010001595.1	5455	9067642
scaff_group001	JAEPEU010007098.1	5457	9073099
scaff_group001	JAEPEU010003754.1	5459	9078558
scaff_group001	JAEPEU010007604.1	5460	9084018
scaff_group001	JAEPEU010004630.1	5464	9089482
scaff_group001	JAEPEU010009309.1	5466	9094948
scaff_group001	JAEPEU010001805.1	5471	9100419
scaff_group001	JAEPEU010002677.1	5474	9105893
scaff_group001	JAEPEU010005080.1	5474	9111367
scaff_group001	JAEPEU010002110.1	5479	9116846
scaff_group001	JAEPEU010007067.1	5481	9122327
scaff_group001	JAEPEU010009444.1	5481	9127808
scaff_group001	JAEPEU010000993.1	5483	9133291
scaff_group001	JAEPEU010000757.1	5491	9138782
scaff_group001	JAEPEU010008927.1	5494	9144276
scaff_group001	JAEPEU010007287.1	5502	9149778
scaff_group001	JAEPEU010006112.1	5506	9155284
scaff_group001	JAEPEU010002281.1	5509	9160793
scaff_group001	JAEPEU010009015.1	5511	9166304
scaff_group001	JAEPEU010009903.1	5512	9171816
scaff_group001	JAEPEU010009067.1	5524	9177340
scaff_group001	JAEPEU010002134.1	5528	9182868
scaff_group001	JAEPEU010001970.1	5535	9188403
scaff_group001	JAEPEU010008094.1	5538	9193941
scaff_group001	JAEPEU010009513.1	5541	9199482
scaff_group001	JAEPEU010003889.1	5541	9205023
scaff_group001	JAEPEU010006843.1	5545	9210568
scaff_group001	JAEPEU010008874.1	5549	9216117
scaff_group001	JAEPEU010003427.1	5552	9221669
scaff_group001	JAEPEU010004586.1	5554	9227223
scaff_group001	JAEPEU010007729.1	5558	9232781
scaff_group001	JAEPEU010001340.1	5562	9238343
scaff_group001	JAEPEU010006752.1	5568	9243911
scaff_group001	JAEPEU010002506.1	5569	9249480
scaff_group001	JAEPEU010007071.1	5575	9255055
scaff_group001	JAEPEU010003419.1	5583	9260638
scaff_group001	JAEPEU010008787.1	5586	9266224
scaff_group001	JAEPEU010001843.1	5587	9271811
scaff_group001	JAEPEU010006367.1	5589	9277400
scaff_group001	JAEPEU010003400.1	5591	9282991
scaff_group001	JAEPEU010003486.1	5591	9288582
scaff_group001	JAEPEU010003130.1	5591	9294173
scaff_group001	JAEPEU010004768.1	5593	9299766
scaff_group001	JAEPEU010005367.1	5601	9305367
scaff_group001	JAEPEU010002267.1	5601	9310968
scaff_group001	JAEPEU010008442.1	5613	9316581
scaff_group001	JAEPEU010009279.1	5614	9322195
scaff_group001	JAEPEU010004064.1	5615	9327810
scaff_group001	JAEPEU010001334.1	5615	9333425
scaff_group001	JAEPEU010001325.1	5617	9339042
scaff_group001	JAEPEU010002227.1	5618	9344660
scaff_group001	JAEPEU010003301.1	5623	9350283
scaff_group001	JAEPEU010002404.1	5628	9355911
scaff_group001	JAEPEU010009338.1	5630	9361541
scaff_group001	JAEPEU010005397.1	5632	9367173
scaff_group001	JAEPEU010007642.1	5636	9372809
scaff_group001	JAEPEU010008784.1	5639	9378448
scaff_group001	JAEPEU010003619.1	5646	9384094
scaff_group001	JAEPEU010006656.1	5648	9389742
scaff_group001	JAEPEU010009869.1	5651	9395393
scaff_group001	JAEPEU010008012.1	5651	9401044
scaff_group001	JAEPEU010004331.1	5652	9406696
scaff_group001	JAEPEU010004805.1	5655	9412351
scaff_group001	JAEPEU010001280.1	5660	9418011
scaff_group001	JAEPEU010006256.1	5665	9423676
scaff_group001	JAEPEU010002592.1	5669	9429345
scaff_group001	JAEPEU010006192.1	5673	9435018
scaff_group001	JAEPEU010000928.1	5677	9440695
scaff_group001	JAEPEU010007779.1	5683	9446378
scaff_group001	JAEPEU010004490.1	5686	9452064
scaff_group001	JAEPEU010001174.1	5688	9457752
scaff_group001	JAEPEU010003778.1	5691	9463443
scaff_group001	JAEPEU010002009.1	5692	9469135
scaff_group001	JAEPEU010002760.1	5707	9474842
scaff_group001	JAEPEU010002841.1	5714	9480556
scaff_group001	JAEPEU010002897.1	5717	9486273
scaff_group001	JAEPEU010003449.1	5719	9491992
scaff_group001	JAEPEU010001092.1	5719	9497711
scaff_group001	JAEPEU010007494.1	5725	9503436
scaff_group001	JAEPEU010001271.1	5730	9509166
scaff_group001	JAEPEU010004270.1	5731	9514897
scaff_group001	JAEPEU010008741.1	5733	9520630
scaff_group001	JAEPEU010008617.1	5734	9526364
scaff_group001	JAEPEU010000405.1	5737	9532101
scaff_group001	JAEPEU010003160.1	5738	9537839
scaff_group001	JAEPEU010009776.1	5742	9543581
scaff_group001	JAEPEU010004813.1	5744	9549325
scaff_group001	JAEPEU010005150.1	5760	9555085
scaff_group001	JAEPEU010009901.1	5761	9560846
scaff_group001	JAEPEU010006710.1	5761	9566607
scaff_group001	JAEPEU010004118.1	5763	9572370
scaff_group001	JAEPEU010006551.1	5764	9578134
scaff_group001	JAEPEU010007345.1	5766	9583900
scaff_group001	JAEPEU010009620.1	5772	9589672
scaff_group001	JAEPEU010005614.1	5773	9595445
scaff_group001	JAEPEU010005891.1	5783	9601228
scaff_group001	JAEPEU010005607.1	5785	9607013
scaff_group001	JAEPEU010009576.1	5786	9612799
scaff_group001	JAEPEU010000665.1	5787	9618586
scaff_group001	JAEPEU010006830.1	5790	9624376
scaff_group001	JAEPEU010006103.1	5792	9630168
scaff_group001	JAEPEU010003519.1	5795	9635963
scaff_group001	JAEPEU010004972.1	5801	9641764
scaff_group001	JAEPEU010002739.1	5802	9647566
scaff_group001	JAEPEU010003385.1	5803	9653369
scaff_group001	JAEPEU010000545.1	5804	9659173
scaff_group001	JAEPEU010000200.1	5812	9664985
scaff_group001	JAEPEU010006335.1	5825	9670810
scaff_group001	JAEPEU010000326.1	5827	9676637
scaff_group001	JAEPEU010008843.1	5834	9682471
scaff_group001	JAEPEU010008023.1	5837	9688308
scaff_group001	JAEPEU010008855.1	5837	9694145
scaff_group001	JAEPEU010007656.1	5843	9699988
scaff_group001	JAEPEU010008778.1	5844	9705832
scaff_group001	JAEPEU010007005.1	5852	9711684
scaff_group001	JAEPEU010001878.1	5853	9717537
scaff_group001	JAEPEU010008892.1	5858	9723395
scaff_group001	JAEPEU010002024.1	5859	9729254
scaff_group001	JAEPEU010004069.1	5860	9735114
scaff_group001	JAEPEU010005125.1	5860	9740974
scaff_group001	JAEPEU010009339.1	5862	9746836
scaff_group001	JAEPEU010001655.1	5863	9752699
scaff_group001	JAEPEU010004114.1	5865	9758564
scaff_group001	JAEPEU010001764.1	5866	9764430
scaff_group001	JAEPEU010005993.1	5870	9770300
scaff_group001	JAEPEU010006076.1	5882	9776182
scaff_group001	JAEPEU010002368.1	5897	9782079
scaff_group001	JAEPEU010002014.1	5901	9787980
scaff_group001	JAEPEU010002838.1	5903	9793883
scaff_group001	JAEPEU010002862.1	5903	9799786
scaff_group001	JAEPEU010001642.1	5907	9805693
scaff_group001	JAEPEU010005406.1	5908	9811601
scaff_group001	JAEPEU010002734.1	5909	9817510
scaff_group001	JAEPEU010002262.1	5913	9823423
scaff_group001	JAEPEU010004221.1	5913	9829336
scaff_group001	JAEPEU010004321.1	5916	9835252
scaff_group001	JAEPEU010007042.1	5922	9841174
scaff_group001	JAEPEU010008616.1	5926	9847100
scaff_group001	JAEPEU010005364.1	5927	9853027
scaff_group001	JAEPEU010005508.1	5930	9858957
scaff_group001	JAEPEU010005314.1	5938	9864895
scaff_group001	JAEPEU010007350.1	5940	9870835
scaff_group001	JAEPEU010003487.1	5945	9876780
scaff_group001	JAEPEU010002479.1	5949	9882729
scaff_group001	JAEPEU010006860.1	5952	9888681
scaff_group001	JAEPEU010003507.1	5959	9894640
scaff_group001	JAEPEU010008016.1	5964	9900604
scaff_group001	JAEPEU010007265.1	5973	9906577
scaff_group001	JAEPEU010008649.1	5977	9912554
scaff_group001	JAEPEU010009113.1	5982	9918536
scaff_group001	JAEPEU010005802.1	5983	9924519
scaff_group001	JAEPEU010004107.1	5996	9930515
scaff_group001	JAEPEU010003646.1	5997	9936512
scaff_group001	JAEPEU010001993.1	6001	9942513
scaff_group001	JAEPEU010002885.1	6013	9948526
scaff_group001	JAEPEU010004540.1	6013	9954539
scaff_group001	JAEPEU010005342.1	6018	9960557
scaff_group001	JAEPEU010002598.1	6025	9966582
scaff_group001	JAEPEU010004783.1	6026	9972608
scaff_group001	JAEPEU010002249.1	6029	9978637
scaff_group001	JAEPEU010002978.1	6031	9984668
scaff_group001	JAEPEU010004065.1	6035	9990703
scaff_group001	JAEPEU010002643.1	6036	9996739
scaff_group001	JAEPEU010001980.1	6039	10002778
scaff_group001	JAEPEU010006590.1	6039	10008817
scaff_group001	JAEPEU010008839.1	6042	10014859
scaff_group001	JAEPEU010003005.1	6043	10020902
scaff_group001	JAEPEU010000201.1	6054	10026956
scaff_group001	JAEPEU010003838.1	6060	10033016
scaff_group001	JAEPEU010007129.1	6061	10039077
scaff_group001	JAEPEU010009932.1	6061	10045138
scaff_group001	JAEPEU010000379.1	6065	10051203
scaff_group001	JAEPEU010004191.1	6066	10057269
scaff_group001	JAEPEU010008428.1	6080	10063349
scaff_group001	JAEPEU010002984.1	6086	10069435
scaff_group001	JAEPEU010005184.1	6090	10075525
scaff_group001	JAEPEU010001274.1	6094	10081619
scaff_group001	JAEPEU010009219.1	6095	10087714
scaff_group001	JAEPEU010002832.1	6105	10093819
scaff_group001	JAEPEU010000917.1	6106	10099925
scaff_group001	JAEPEU010005273.1	6119	10106044
scaff_group001	JAEPEU010008400.1	6120	10112164
scaff_group001	JAEPEU010001072.1	6123	10118287
scaff_group001	JAEPEU010005029.1	6129	10124416
scaff_group001	JAEPEU010001575.1	6130	10130546
scaff_group001	JAEPEU010000918.1	6137	10136683
scaff_group001	JAEPEU010005643.1	6150	10142833
scaff_group001	JAEPEU010000807.1	6151	10148984
scaff_group001	JAEPEU010002035.1	6160	10155144
scaff_group001	JAEPEU010000539.1	6167	10161311
scaff_group001	JAEPEU010001597.1	6173	10167484
scaff_group001	JAEPEU010006209.1	6173	10173657
scaff_group001	JAEPEU010005556.1	6180	10179837
scaff_group001	JAEPEU010008624.1	6180	10186017
scaff_group001	JAEPEU010001530.1	6182	10192199
scaff_group001	JAEPEU010000062.1	6190	10198389
scaff_group001	JAEPEU010009769.1	6192	10204581
scaff_group001	JAEPEU010001191.1	6192	10210773
scaff_group001	JAEPEU010005738.1	6203	10216976
scaff_group001	JAEPEU010003196.1	6203	10223179
scaff_group001	JAEPEU010006666.1	6203	10229382
scaff_group001	JAEPEU010005647.1	6205	10235587
scaff_group001	JAEPEU010006100.1	6205	10241792
scaff_group001	JAEPEU010004462.1	6211	10248003
scaff_group001	JAEPEU010006446.1	6213	10254216
scaff_group001	JAEPEU010008857.1	6221	10260437
scaff_group001	JAEPEU010001406.1	6226	10266663
scaff_group001	JAEPEU010005873.1	6227	10272890
scaff_group001	JAEPEU010007755.1	6228	10279118
scaff_group001	JAEPEU010003593.1	6240	10285358
scaff_group001	JAEPEU010002217.1	6241	10291599
scaff_group001	JAEPEU010007764.1	6242	10297841
scaff_group001	JAEPEU010009953.1	6243	10304084
scaff_group001	JAEPEU010008910.1	6244	10310328
scaff_group001	JAEPEU010007597.1	6256	10316584
scaff_group001	JAEPEU010001804.1	6259	10322843
scaff_group001	JAEPEU010003082.1	6261	10329104
scaff_group001	JAEPEU010000119.1	6263	10335367
scaff_group001	JAEPEU010001894.1	6263	10341630
scaff_group001	JAEPEU010001328.1	6264	10347894
scaff_group001	JAEPEU010004018.1	6266	10354160
scaff_group001	JAEPEU010004565.1	6266	10360426
scaff_group001	JAEPEU010008871.1	6271	10366697
scaff_group001	JAEPEU010003510.1	6272	10372969
scaff_group001	JAEPEU010000620.1	6274	10379243
scaff_group001	JAEPEU010003766.1	6276	10385519
scaff_group001	JAEPEU010006295.1	6277	10391796
scaff_group001	JAEPEU010007653.1	6284	10398080
scaff_group001	JAEPEU010000494.1	6285	10404365
scaff_group001	JAEPEU010004910.1	6286	10410651
scaff_group001	JAEPEU010002810.1	6289	10416940
scaff_group001	JAEPEU010008800.1	6292	10423232
scaff_group001	JAEPEU010002008.1	6294	10429526
scaff_group001	JAEPEU010009568.1	6302	10435828
scaff_group001	JAEPEU010008641.1	6303	10442131
scaff_group001	JAEPEU010004786.1	6307	10448438
scaff_group001	JAEPEU010002859.1	6307	10454745
scaff_group001	JAEPEU010007795.1	6307	10461052
scaff_group001	JAEPEU010009591.1	6309	10467361
scaff_group001	JAEPEU010006809.1	6312	10473673
scaff_group001	JAEPEU010006235.1	6313	10479986
scaff_group001	JAEPEU010006918.1	6313	10486299
scaff_group001	JAEPEU010006789.1	6314	10492613
scaff_group001	JAEPEU010007884.1	6316	10498929
scaff_group001	JAEPEU010001399.1	6327	10505256
scaff_group001	JAEPEU010003084.1	6327	10511583
scaff_group001	JAEPEU010003302.1	6332	10517915
scaff_group001	JAEPEU010006788.1	6338	10524253
scaff_group001	JAEPEU010008109.1	6348	10530601
scaff_group001	JAEPEU010004130.1	6349	10536950
scaff_group001	JAEPEU010006616.1	6352	10543302
scaff_group001	JAEPEU010002904.1	6353	10549655
scaff_group001	JAEPEU010006586.1	6358	10556013
scaff_group001	JAEPEU010001792.1	6359	10562372
scaff_group001	JAEPEU010005286.1	6360	10568732
scaff_group001	JAEPEU010006450.1	6362	10575094
scaff_group001	JAEPEU010006997.1	6363	10581457
scaff_group001	JAEPEU010001496.1	6369	10587826
scaff_group001	JAEPEU010008024.1	6383	10594209
scaff_group001	JAEPEU010007458.1	6386	10600595
scaff_group001	JAEPEU010000667.1	6387	10606982
scaff_group001	JAEPEU010001836.1	6394	10613376
scaff_group001	JAEPEU010007268.1	6394	10619770
scaff_group001	JAEPEU010005987.1	6396	10626166
scaff_group001	JAEPEU010007393.1	6397	10632563
scaff_group001	JAEPEU010008285.1	6397	10638960
scaff_group001	JAEPEU010009467.1	6400	10645360
scaff_group001	JAEPEU010009856.1	6401	10651761
scaff_group001	JAEPEU010005982.1	6406	10658167
scaff_group001	JAEPEU010003808.1	6410	10664577
scaff_group001	JAEPEU010002588.1	6411	10670988
scaff_group001	JAEPEU010009276.1	6412	10677400
scaff_group001	JAEPEU010004030.1	6417	10683817
scaff_group001	JAEPEU010002646.1	6418	10690235
scaff_group001	JAEPEU010000046.1	6431	10696666
scaff_group001	JAEPEU010009608.1	6447	10703113
scaff_group001	JAEPEU010003142.1	6449	10709562
scaff_group001	JAEPEU010001154.1	6450	10716012
scaff_group001	JAEPEU010009852.1	6451	10722463
scaff_group001	JAEPEU010007915.1	6452	10728915
scaff_group001	JAEPEU010008038.1	6453	10735368
scaff_group001	JAEPEU010009456.1	6454	10741822
scaff_group001	JAEPEU010000884.1	6457	10748279
scaff_group001	JAEPEU010006605.1	6462	10754741
scaff_group001	JAEPEU010003973.1	6463	10761204
scaff_group001	JAEPEU010007282.1	6465	10767669
scaff_group001	JAEPEU010007893.1	6474	10774143
scaff_group001	JAEPEU010005637.1	6476	10780619
scaff_group001	JAEPEU010008204.1	6481	10787100
scaff_group001	JAEPEU010005323.1	6488	10793588
scaff_group001	JAEPEU010008869.1	6500	10800088
scaff_group001	JAEPEU010009167.1	6504	10806592
scaff_group001	JAEPEU010002101.1	6506	10813098
scaff_group001	JAEPEU010007014.1	6508	10819606
scaff_group001	JAEPEU010002775.1	6515	10826121
scaff_group001	JAEPEU010003469.1	6516	10832637
scaff_group001	JAEPEU010006385.1	6521	10839158
scaff_group001	JAEPEU010007760.1	6523	10845681
scaff_group001	JAEPEU010006913.1	6528	10852209
scaff_group001	JAEPEU010000263.1	6529	10858738
scaff_group001	JAEPEU010003327.1	6534	10865272
scaff_group001	JAEPEU010005310.1	6536	10871808
scaff_group001	JAEPEU010007075.1	6543	10878351
scaff_group001	JAEPEU010002979.1	6546	10884897
scaff_group001	JAEPEU010004973.1	6548	10891445
scaff_group001	JAEPEU010008590.1	6548	10897993
scaff_group001	JAEPEU010000796.1	6550	10904543
scaff_group001	JAEPEU010002545.1	6555	10911098
scaff_group001	JAEPEU010004769.1	6555	10917653
scaff_group001	JAEPEU010006113.1	6559	10924212
scaff_group001	JAEPEU010002949.1	6562	10930774
scaff_group001	JAEPEU010006182.1	6564	10937338
scaff_group001	JAEPEU010006267.1	6565	10943903
scaff_group001	JAEPEU010004620.1	6567	10950470
scaff_group001	JAEPEU010008002.1	6574	10957044
scaff_group001	JAEPEU010007355.1	6574	10963618
scaff_group001	JAEPEU010000395.1	6578	10970196
scaff_group001	JAEPEU010006536.1	6584	10976780
scaff_group001	JAEPEU010000092.1	6585	10983365
scaff_group001	JAEPEU010008819.1	6589	10989954
scaff_group001	JAEPEU010007252.1	6596	10996550
scaff_group001	JAEPEU010009556.1	6598	11003148
scaff_group001	JAEPEU010008975.1	6600	11009748
scaff_group001	JAEPEU010000704.1	6608	11016356
scaff_group001	JAEPEU010008592.1	6620	11022976
scaff_group001	JAEPEU010008481.1	6629	11029605
scaff_group001	JAEPEU010007290.1	6630	11036235
scaff_group001	JAEPEU010005141.1	6634	11042869
scaff_group001	JAEPEU010001885.1	6644	11049513
scaff_group001	JAEPEU010009898.1	6646	11056159
scaff_group001	JAEPEU010002888.1	6650	11062809
scaff_group001	JAEPEU010008606.1	6652	11069461
scaff_group001	JAEPEU010007225.1	6656	11076117
scaff_group001	JAEPEU010004218.1	6657	11082774
scaff_group001	JAEPEU010001932.1	6657	11089431
scaff_group001	JAEPEU010009096.1	6657	11096088
scaff_group001	JAEPEU010006201.1	6659	11102747
scaff_group001	JAEPEU010003093.1	6662	11109409
scaff_group001	JAEPEU010002620.1	6672	11116081
scaff_group001	JAEPEU010006892.1	6674	11122755
scaff_group001	JAEPEU010003847.1	6680	11129435
scaff_group001	JAEPEU010005050.1	6680	11136115
scaff_group001	JAEPEU010000327.1	6682	11142797
scaff_group001	JAEPEU010005265.1	6684	11149481
scaff_group001	JAEPEU010002353.1	6692	11156173
scaff_group001	JAEPEU010006519.1	6692	11162865
scaff_group001	JAEPEU010003682.1	6705	11169570
scaff_group001	JAEPEU010001306.1	6713	11176283
scaff_group001	JAEPEU010004143.1	6716	11182999
scaff_group001	JAEPEU010004079.1	6719	11189718
scaff_group001	JAEPEU010001481.1	6726	11196444
scaff_group001	JAEPEU010004307.1	6728	11203172
scaff_group001	JAEPEU010002901.1	6730	11209902
scaff_group001	JAEPEU010007190.1	6730	11216632
scaff_group001	JAEPEU010005606.1	6734	11223366
scaff_group001	JAEPEU010003607.1	6738	11230104
scaff_group001	JAEPEU010001310.1	6743	11236847
scaff_group001	JAEPEU010005488.1	6745	11243592
scaff_group001	JAEPEU010000622.1	6748	11250340
scaff_group001	JAEPEU010009210.1	6755	11257095
scaff_group001	JAEPEU010003505.1	6761	11263856
scaff_group001	JAEPEU010007421.1	6761	11270617
scaff_group001	JAEPEU010003873.1	6767	11277384
scaff_group001	JAEPEU010009239.1	6771	11284155
scaff_group001	JAEPEU010008957.1	6773	11290928
scaff_group001	JAEPEU010007882.1	6774	11297702
scaff_group001	JAEPEU010007990.1	6776	11304478
scaff_group001	JAEPEU010003453.1	6778	11311256
scaff_group001	JAEPEU010002800.1	6782	11318038
scaff_group001	JAEPEU010004009.1	6782	11324820
scaff_group001	JAEPEU010005683.1	6784	11331604
scaff_group001	JAEPEU010009274.1	6787	11338391
scaff_group001	JAEPEU010004128.1	6796	11345187
scaff_group001	JAEPEU010004814.1	6804	11351991
scaff_group001	JAEPEU010008790.1	6814	11358805
scaff_group001	JAEPEU010000519.1	6815	11365620
scaff_group001	JAEPEU010002476.1	6817	11372437
scaff_group001	JAEPEU010007750.1	6818	11379255
scaff_group001	JAEPEU010005177.1	6821	11386076
scaff_group001	JAEPEU010004360.1	6824	11392900
scaff_group001	JAEPEU010004606.1	6824	11399724
scaff_group001	JAEPEU010009124.1	6828	11406552
scaff_group001	JAEPEU010008876.1	6831	11413383
scaff_group001	JAEPEU010002876.1	6833	11420216
scaff_group001	JAEPEU010005765.1	6839	11427055
scaff_group001	JAEPEU010004881.1	6840	11433895
scaff_group001	JAEPEU010005145.1	6855	11440750
scaff_group001	JAEPEU010000626.1	6861	11447611
scaff_group001	JAEPEU010008994.1	6876	11454487
scaff_group001	JAEPEU010002585.1	6887	11461374
scaff_group001	JAEPEU010007756.1	6890	11468264
scaff_group001	JAEPEU010000304.1	6892	11475156
scaff_group001	JAEPEU010005751.1	6894	11482050
scaff_group001	JAEPEU010003489.1	6894	11488944
scaff_group001	JAEPEU010004487.1	6897	11495841
scaff_group001	JAEPEU010009628.1	6901	11502742
scaff_group001	JAEPEU010006683.1	6910	11509652
scaff_group001	JAEPEU010001413.1	6918	11516570
scaff_group001	JAEPEU010006638.1	6925	11523495
scaff_group001	JAEPEU010004566.1	6935	11530430
scaff_group001	JAEPEU010005436.1	6943	11537373
scaff_group001	JAEPEU010006850.1	6946	11544319
scaff_group001	JAEPEU010002186.1	6949	11551268
scaff_group001	JAEPEU010007110.1	6953	11558221
scaff_group001	JAEPEU010008725.1	6953	11565174
scaff_group001	JAEPEU010002191.1	6954	11572128
scaff_group001	JAEPEU010005518.1	6962	11579090
scaff_group001	JAEPEU010007849.1	6963	11586053
scaff_group001	JAEPEU010009681.1	6965	11593018
scaff_group001	JAEPEU010004929.1	6967	11599985
scaff_group001	JAEPEU010009679.1	6971	11606956
scaff_group001	JAEPEU010009542.1	6973	11613929
scaff_group001	JAEPEU010008744.1	7014	11620943
scaff_group001	JAEPEU010001854.1	7020	11627963
scaff_group001	JAEPEU010007713.1	7022	11634985
scaff_group001	JAEPEU010002194.1	7023	11642008
scaff_group001	JAEPEU010005960.1	7024	11649032
scaff_group001	JAEPEU010002789.1	7029	11656061
scaff_group001	JAEPEU010006510.1	7030	11663091
scaff_group001	JAEPEU010004045.1	7034	11670125
scaff_group001	JAEPEU010008847.1	7040	11677165
scaff_group001	JAEPEU010002650.1	7041	11684206
scaff_group001	JAEPEU010004512.1	7047	11691253
scaff_group001	JAEPEU010003725.1	7049	11698302
scaff_group001	JAEPEU010004843.1	7050	11705352
scaff_group001	JAEPEU010005695.1	7051	11712403
scaff_group001	JAEPEU010001493.1	7054	11719457
scaff_group001	JAEPEU010004410.1	7059	11726516
scaff_group001	JAEPEU010004198.1	7069	11733585
scaff_group001	JAEPEU010002472.1	7070	11740655
scaff_group001	JAEPEU010001671.1	7071	11747726
scaff_group001	JAEPEU010005775.1	7104	11754830
scaff_group001	JAEPEU010004106.1	7107	11761937
scaff_group001	JAEPEU010003235.1	7116	11769053
scaff_group001	JAEPEU010008217.1	7122	11776175
scaff_group001	JAEPEU010004780.1	7127	11783302
scaff_group001	JAEPEU010007766.1	7128	11790430
scaff_group001	JAEPEU010000713.1	7129	11797559
scaff_group001	JAEPEU010004263.1	7131	11804690
scaff_group001	JAEPEU010004213.1	7135	11811825
scaff_group001	JAEPEU010001726.1	7140	11818965
scaff_group001	JAEPEU010004382.1	7148	11826113
scaff_group001	JAEPEU010003927.1	7153	11833266
scaff_group001	JAEPEU010007006.1	7177	11840443
scaff_group001	JAEPEU010006171.1	7181	11847624
scaff_group001	JAEPEU010009472.1	7183	11854807
scaff_group001	JAEPEU010005881.1	7187	11861994
scaff_group001	JAEPEU010009820.1	7206	11869200
scaff_group001	JAEPEU010005808.1	7207	11876407
scaff_group001	JAEPEU010002484.1	7210	11883617
scaff_group001	JAEPEU010001897.1	7218	11890835
scaff_group001	JAEPEU010008082.1	7219	11898054
scaff_group001	JAEPEU010009859.1	7220	11905274
scaff_group001	JAEPEU010001576.1	7224	11912498
scaff_group001	JAEPEU010005122.1	7224	11919722
scaff_group001	JAEPEU010000938.1	7227	11926949
scaff_group001	JAEPEU010002466.1	7233	11934182
scaff_group001	JAEPEU010008353.1	7237	11941419
scaff_group001	JAEPEU010003035.1	7246	11948665
scaff_group001	JAEPEU010008482.1	7249	11955914
scaff_group001	JAEPEU010002771.1	7250	11963164
scaff_group001	JAEPEU010005168.1	7265	11970429
scaff_group001	JAEPEU010004905.1	7271	11977700
scaff_group001	JAEPEU010006107.1	7271	11984971
scaff_group001	JAEPEU010007991.1	7271	11992242
scaff_group001	JAEPEU010009890.1	7281	11999523
scaff_group001	JAEPEU010008693.1	7285	12006808
scaff_group001	JAEPEU010002666.1	7290	12014098
scaff_group001	JAEPEU010002052.1	7293	12021391
scaff_group001	JAEPEU010004180.1	7293	12028684
scaff_group001	JAEPEU010001694.1	7312	12035996
scaff_group001	JAEPEU010006081.1	7313	12043309
scaff_group001	JAEPEU010006260.1	7317	12050626
scaff_group001	JAEPEU010007398.1	7320	12057946
scaff_group001	JAEPEU010006528.1	7331	12065277
scaff_group001	JAEPEU010006766.1	7332	12072609
scaff_group001	JAEPEU010008317.1	7337	12079946
scaff_group001	JAEPEU010003292.1	7341	12087287
scaff_group001	JAEPEU010008813.1	7349	12094636
scaff_group001	JAEPEU010003635.1	7356	12101992
scaff_group001	JAEPEU010008494.1	7362	12109354
scaff_group001	JAEPEU010009320.1	7381	12116735
scaff_group001	JAEPEU010002499.1	7381	12124116
scaff_group001	JAEPEU010009959.1	7383	12131499
scaff_group001	JAEPEU010007840.1	7384	12138883
scaff_group001	JAEPEU010006776.1	7385	12146268
scaff_group001	JAEPEU010009587.1	7389	12153657
scaff_group001	JAEPEU010001538.1	7400	12161057
scaff_group001	JAEPEU010002683.1	7410	12168467
scaff_group001	JAEPEU010004148.1	7413	12175880
scaff_group001	JAEPEU010005964.1	7414	12183294
scaff_group001	JAEPEU010007497.1	7425	12190719
scaff_group001	JAEPEU010002356.1	7429	12198148
scaff_group001	JAEPEU010007623.1	7432	12205580
scaff_group001	JAEPEU010006042.1	7435	12213015
scaff_group001	JAEPEU010008831.1	7450	12220465
scaff_group001	JAEPEU010008934.1	7453	12227918
scaff_group001	JAEPEU010003043.1	7456	12235374
scaff_group001	JAEPEU010002290.1	7470	12242844
scaff_group001	JAEPEU010002958.1	7482	12250326
scaff_group001	JAEPEU010000115.1	7486	12257812
scaff_group001	JAEPEU010008372.1	7499	12265311
scaff_group001	JAEPEU010009631.1	7500	12272811
scaff_group001	JAEPEU010002040.1	7514	12280325
scaff_group001	JAEPEU010002603.1	7515	12287840
scaff_group001	JAEPEU010003351.1	7518	12295358
scaff_group001	JAEPEU010006274.1	7519	12302877
scaff_group001	JAEPEU010000735.1	7522	12310399
scaff_group001	JAEPEU010009586.1	7525	12317924
scaff_group001	JAEPEU010000979.1	7529	12325453
scaff_group001	JAEPEU010006661.1	7531	12332984
scaff_group001	JAEPEU010001953.1	7538	12340522
scaff_group001	JAEPEU010006345.1	7538	12348060
scaff_group001	JAEPEU010008559.1	7557	12355617
scaff_group001	JAEPEU010008029.1	7559	12363176
scaff_group001	JAEPEU010000371.1	7560	12370736
scaff_group001	JAEPEU010009579.1	7564	12378300
scaff_group001	JAEPEU010009130.1	7565	12385865
scaff_group001	JAEPEU010000294.1	7566	12393431
scaff_group001	JAEPEU010009814.1	7569	12401000
scaff_group001	JAEPEU010001847.1	7575	12408575
scaff_group001	JAEPEU010004442.1	7576	12416151
scaff_group001	JAEPEU010005428.1	7580	12423731
scaff_group001	JAEPEU010003404.1	7589	12431320
scaff_group001	JAEPEU010007641.1	7590	12438910
scaff_group001	JAEPEU010005513.1	7591	12446501
scaff_group001	JAEPEU010005281.1	7599	12454100
scaff_group001	JAEPEU010007669.1	7599	12461699
scaff_group001	JAEPEU010002159.1	7601	12469300
scaff_group001	JAEPEU010001398.1	7606	12476906
scaff_group001	JAEPEU010009118.1	7615	12484521
scaff_group001	JAEPEU010004465.1	7623	12492144
scaff_group001	JAEPEU010002708.1	7624	12499768
scaff_group001	JAEPEU010008387.1	7626	12507394
scaff_group001	JAEPEU010007539.1	7630	12515024
scaff_group001	JAEPEU010006438.1	7646	12522670
scaff_group001	JAEPEU010008732.1	7653	12530323
scaff_group001	JAEPEU010000165.1	7654	12537977
scaff_group001	JAEPEU010009816.1	7665	12545642
scaff_group001	JAEPEU010004952.1	7677	12553319
scaff_group001	JAEPEU010007034.1	7686	12561005
scaff_group001	JAEPEU010009906.1	7688	12568693
scaff_group001	JAEPEU010001421.1	7702	12576395
scaff_group001	JAEPEU010003743.1	7708	12584103
scaff_group001	JAEPEU010006071.1	7709	12591812
scaff_group001	JAEPEU010004792.1	7717	12599529
scaff_group001	JAEPEU010008258.1	7722	12607251
scaff_group001	JAEPEU010007251.1	7724	12614975
scaff_group001	JAEPEU010008635.1	7725	12622700
scaff_group001	JAEPEU010000357.1	7739	12630439
scaff_group001	JAEPEU010008236.1	7739	12638178
scaff_group001	JAEPEU010006857.1	7766	12645944
scaff_group001	JAEPEU010006153.1	7771	12653715
scaff_group001	JAEPEU010009362.1	7780	12661495
scaff_group001	JAEPEU010009006.1	7783	12669278
scaff_group001	JAEPEU010002973.1	7795	12677073
scaff_group001	JAEPEU010002358.1	7801	12684874
scaff_group001	JAEPEU010001093.1	7806	12692680
scaff_group001	JAEPEU010004806.1	7808	12700488
scaff_group001	JAEPEU010004600.1	7809	12708297
scaff_group001	JAEPEU010008059.1	7813	12716110
scaff_group001	JAEPEU010008698.1	7822	12723932
scaff_group001	JAEPEU010004421.1	7825	12731757
scaff_group001	JAEPEU010008134.1	7850	12739607
scaff_group001	JAEPEU010008897.1	7850	12747457
scaff_group001	JAEPEU010005796.1	7851	12755308
scaff_group001	JAEPEU010001782.1	7853	12763161
scaff_group001	JAEPEU010009819.1	7860	12771021
scaff_group001	JAEPEU010009770.1	7862	12778883
scaff_group001	JAEPEU010007432.1	7863	12786746
scaff_group001	JAEPEU010009660.1	7866	12794612
scaff_group001	JAEPEU010007170.1	7869	12802481
scaff_group001	JAEPEU010002968.1	7870	12810351
scaff_group001	JAEPEU010004802.1	7886	12818237
scaff_group001	JAEPEU010004561.1	7889	12826126
scaff_group001	JAEPEU010001184.1	7893	12834019
scaff_group001	JAEPEU010005014.1	7895	12841914
scaff_group001	JAEPEU010001349.1	7908	12849822
scaff_group001	JAEPEU010006894.1	7908	12857730
scaff_group001	JAEPEU010007473.1	7911	12865641
scaff_group001	JAEPEU010006318.1	7914	12873555
scaff_group001	JAEPEU010003132.1	7918	12881473
scaff_group001	JAEPEU010007708.1	7919	12889392
scaff_group001	JAEPEU010001691.1	7940	12897332
scaff_group001	JAEPEU010008556.1	7955	12905287
scaff_group001	JAEPEU010008812.1	7957	12913244
scaff_group001	JAEPEU010002305.1	7958	12921202
scaff_group001	JAEPEU010002948.1	7980	12929182
scaff_group001	JAEPEU010003311.1	7980	12937162
scaff_group001	JAEPEU010004239.1	7981	12945143
scaff_group001	JAEPEU010006513.1	7986	12953129
scaff_group001	JAEPEU010006823.1	7996	12961125
scaff_group001	JAEPEU010007412.1	8007	12969132
scaff_group001	JAEPEU010003428.1	8013	12977145
scaff_group001	JAEPEU010005040.1	8024	12985169
scaff_group001	JAEPEU010000906.1	8025	12993194
scaff_group001	JAEPEU010003614.1	8028	13001222
scaff_group001	JAEPEU010005714.1	8037	13009259
scaff_group001	JAEPEU010002503.1	8041	13017300
scaff_group001	JAEPEU010000167.1	8042	13025342
scaff_group001	JAEPEU010000300.1	8050	13033392
scaff_group001	JAEPEU010005468.1	8054	13041446
scaff_group001	JAEPEU010006443.1	8060	13049506
scaff_group001	JAEPEU010007068.1	8080	13057586
scaff_group001	JAEPEU010008300.1	8081	13065667
scaff_group001	JAEPEU010001796.1	8092	13073759
scaff_group001	JAEPEU010002638.1	8094	13081853
scaff_group001	JAEPEU010006726.1	8098	13089951
scaff_group001	JAEPEU010000871.1	8106	13098057
scaff_group001	JAEPEU010003615.1	8108	13106165
scaff_group001	JAEPEU010008186.1	8112	13114277
scaff_group001	JAEPEU010006178.1	8113	13122390
scaff_group001	JAEPEU010004066.1	8119	13130509
scaff_group001	JAEPEU010001505.1	8128	13138637
scaff_group001	JAEPEU010009091.1	8142	13146779
scaff_group001	JAEPEU010000617.1	8143	13154922
scaff_group001	JAEPEU010004715.1	8149	13163071
scaff_group001	JAEPEU010004186.1	8164	13171235
scaff_group001	JAEPEU010007648.1	8170	13179405
scaff_group001	JAEPEU010007928.1	8172	13187577
scaff_group001	JAEPEU010002786.1	8175	13195752
scaff_group001	JAEPEU010005592.1	8175	13203927
scaff_group001	JAEPEU010008622.1	8175	13212102
scaff_group001	JAEPEU010001708.1	8185	13220287
scaff_group001	JAEPEU010004718.1	8196	13228483
scaff_group001	JAEPEU010004061.1	8199	13236682
scaff_group001	JAEPEU010002444.1	8203	13244885
scaff_group001	JAEPEU010005978.1	8203	13253088
scaff_group001	JAEPEU010006562.1	8203	13261291
scaff_group001	JAEPEU010001994.1	8204	13269495
scaff_group001	JAEPEU010006157.1	8217	13277712
scaff_group001	JAEPEU010001777.1	8223	13285935
scaff_group001	JAEPEU010003321.1	8228	13294163
scaff_group001	JAEPEU010002811.1	8231	13302394
scaff_group001	JAEPEU010008894.1	8237	13310631
scaff_group001	JAEPEU010008605.1	8241	13318872
scaff_group001	JAEPEU010009655.1	8244	13327116
scaff_group001	JAEPEU010007250.1	8248	13335364
scaff_group001	JAEPEU010006093.1	8252	13343616
scaff_group001	JAEPEU010002562.1	8255	13351871
scaff_group001	JAEPEU010009435.1	8271	13360142
scaff_group001	JAEPEU010008711.1	8272	13368414
scaff_group001	JAEPEU010001956.1	8281	13376695
scaff_group001	JAEPEU010009930.1	8288	13384983
scaff_group001	JAEPEU010005877.1	8294	13393277
scaff_group001	JAEPEU010007657.1	8297	13401574
scaff_group001	JAEPEU010009863.1	8304	13409878
scaff_group001	JAEPEU010003151.1	8309	13418187
scaff_group001	JAEPEU010003996.1	8310	13426497
scaff_group001	JAEPEU010001698.1	8311	13434808
scaff_group001	JAEPEU010009286.1	8322	13443130
scaff_group001	JAEPEU010007687.1	8339	13451469
scaff_group001	JAEPEU010006132.1	8339	13459808
scaff_group001	JAEPEU010007112.1	8343	13468151
scaff_group001	JAEPEU010001501.1	8355	13476506
scaff_group001	JAEPEU010006617.1	8356	13484862
scaff_group001	JAEPEU010008009.1	8358	13493220
scaff_group001	JAEPEU010008178.1	8361	13501581
scaff_group001	JAEPEU010008516.1	8370	13509951
scaff_group001	JAEPEU010006095.1	8373	13518324
scaff_group001	JAEPEU010003108.1	8379	13526703
scaff_group001	JAEPEU010003306.1	8389	13535092
scaff_group001	JAEPEU010004057.1	8402	13543494
scaff_group001	JAEPEU010008860.1	8414	13551908
scaff_group001	JAEPEU010002679.1	8422	13560330
scaff_group001	JAEPEU010009056.1	8436	13568766
scaff_group001	JAEPEU010005961.1	8445	13577211
scaff_group001	JAEPEU010004033.1	8450	13585661
scaff_group001	JAEPEU010001870.1	8460	13594121
scaff_group001	JAEPEU010007815.1	8463	13602584
scaff_group001	JAEPEU010006027.1	8464	13611048
scaff_group001	JAEPEU010002851.1	8481	13619529
scaff_group001	JAEPEU010002610.1	8482	13628011
scaff_group001	JAEPEU010007892.1	8483	13636494
scaff_group001	JAEPEU010004383.1	8499	13644993
scaff_group001	JAEPEU010002188.1	8506	13653499
scaff_group001	JAEPEU010004970.1	8506	13662005
scaff_group001	JAEPEU010003586.1	8519	13670524
scaff_group001	JAEPEU010002547.1	8523	13679047
scaff_group001	JAEPEU010000369.1	8523	13687570
scaff_group001	JAEPEU010000419.1	8541	13696111
scaff_group001	JAEPEU010000380.1	8548	13704659
scaff_group001	JAEPEU010004125.1	8557	13713216
scaff_group001	JAEPEU010002092.1	8558	13721774
scaff_group001	JAEPEU010005778.1	8567	13730341
scaff_group001	JAEPEU010008625.1	8568	13738909
scaff_group001	JAEPEU010003246.1	8571	13747480
scaff_group001	JAEPEU010001623.1	8574	13756054
scaff_group001	JAEPEU010001302.1	8575	13764629
scaff_group001	JAEPEU010008722.1	8575	13773204
scaff_group001	JAEPEU010007103.1	8608	13781812
scaff_group001	JAEPEU010009258.1	8612	13790424
scaff_group001	JAEPEU010002561.1	8614	13799038
scaff_group001	JAEPEU010002867.1	8618	13807656
scaff_group001	JAEPEU010001365.1	8619	13816275
scaff_group001	JAEPEU010002997.1	8620	13824895
scaff_group001	JAEPEU010002004.1	8622	13833517
scaff_group001	JAEPEU010008265.1	8640	13842157
scaff_group001	JAEPEU010007922.1	8644	13850801
scaff_group001	JAEPEU010002178.1	8646	13859447
scaff_group001	JAEPEU010005678.1	8649	13868096
scaff_group001	JAEPEU010006685.1	8659	13876755
scaff_group001	JAEPEU010001621.1	8680	13885435
scaff_group001	JAEPEU010000795.1	8684	13894119
scaff_group001	JAEPEU010008565.1	8695	13902814
scaff_group001	JAEPEU010002237.1	8702	13911516
scaff_group001	JAEPEU010003592.1	8714	13920230
scaff_group001	JAEPEU010000172.1	8719	13928949
scaff_group001	JAEPEU010006690.1	8733	13937682
scaff_group001	JAEPEU010007046.1	8745	13946427
scaff_group001	JAEPEU010008524.1	8749	13955176
scaff_group001	JAEPEU010008019.1	8755	13963931
scaff_group001	JAEPEU010002049.1	8756	13972687
scaff_group001	JAEPEU010003952.1	8769	13981456
scaff_group001	JAEPEU010004726.1	8781	13990237
scaff_group001	JAEPEU010008594.1	8784	13999021
scaff_group001	JAEPEU010003993.1	8815	14007836
scaff_group001	JAEPEU010002154.1	8820	14016656
scaff_group001	JAEPEU010004215.1	8830	14025486
scaff_group001	JAEPEU010003860.1	8831	14034317
scaff_group001	JAEPEU010009864.1	8840	14043157
scaff_group001	JAEPEU010004488.1	8841	14051998
scaff_group001	JAEPEU010009559.1	8843	14060841
scaff_group001	JAEPEU010001231.1	8853	14069694
scaff_group001	JAEPEU010008838.1	8865	14078559
scaff_group001	JAEPEU010000819.1	8867	14087426
scaff_group001	JAEPEU010009907.1	8881	14096307
scaff_group001	JAEPEU010007425.1	8881	14105188
scaff_group001	JAEPEU010007676.1	8882	14114070
scaff_group001	JAEPEU010008025.1	8886	14122956
scaff_group001	JAEPEU010004146.1	8906	14131862
scaff_group001	JAEPEU010008287.1	8920	14140782
scaff_group001	JAEPEU010005672.1	8929	14149711
scaff_group001	JAEPEU010003513.1	8932	14158643
scaff_group001	JAEPEU010002119.1	8936	14167579
scaff_group001	JAEPEU010008053.1	8939	14176518
scaff_group001	JAEPEU010003173.1	8964	14185482
scaff_group001	JAEPEU010005430.1	8966	14194448
scaff_group001	JAEPEU010004893.1	8977	14203425
scaff_group001	JAEPEU010003431.1	8983	14212408
scaff_group001	JAEPEU010008123.1	8987	14221395
scaff_group001	JAEPEU010001101.1	8995	14230390
scaff_group001	JAEPEU010001503.1	9000	14239390
scaff_group001	JAEPEU010002060.1	9006	14248396
scaff_group001	JAEPEU010003557.1	9010	14257406
scaff_group001	JAEPEU010008795.1	9010	14266416
scaff_group001	JAEPEU010000150.1	9017	14275433
scaff_group001	JAEPEU010003742.1	9018	14284451
scaff_group001	JAEPEU010001450.1	9023	14293474
scaff_group001	JAEPEU010000574.1	9035	14302509
scaff_group001	JAEPEU010009049.1	9043	14311552
scaff_group001	JAEPEU010001370.1	9048	14320600
scaff_group001	JAEPEU010007273.1	9050	14329650
scaff_group001	JAEPEU010000914.1	9066	14338716
scaff_group001	JAEPEU010006775.1	9074	14347790
scaff_group001	JAEPEU010007187.1	9088	14356878
scaff_group001	JAEPEU010008391.1	9098	14365976
scaff_group001	JAEPEU010005626.1	9134	14375110
scaff_group001	JAEPEU010008215.1	9144	14384254
scaff_group001	JAEPEU010000072.1	9146	14393400
scaff_group001	JAEPEU010007216.1	9154	14402554
scaff_group001	JAEPEU010008208.1	9154	14411708
scaff_group001	JAEPEU010000039.1	9166	14420874
scaff_group001	JAEPEU010002130.1	9170	14430044
scaff_group001	JAEPEU010001697.1	9175	14439219
scaff_group001	JAEPEU010000047.1	9181	14448400
scaff_group001	JAEPEU010008161.1	9183	14457583
scaff_group001	JAEPEU010003472.1	9188	14466771
scaff_group001	JAEPEU010006974.1	9196	14475967
scaff_group001	JAEPEU010006338.1	9198	14485165
scaff_group001	JAEPEU010002225.1	9199	14494364
scaff_group001	JAEPEU010005454.1	9202	14503566
scaff_group001	JAEPEU010008660.1	9218	14512784
scaff_group001	JAEPEU010000486.1	9230	14522014
scaff_group001	JAEPEU010002088.1	9251	14531265
scaff_group001	JAEPEU010009289.1	9252	14540517
scaff_group001	JAEPEU010007721.1	9263	14549780
scaff_group001	JAEPEU010008650.1	9263	14559043
scaff_group001	JAEPEU010009218.1	9290	14568333
scaff_group001	JAEPEU010008008.1	9308	14577641
scaff_group001	JAEPEU010007489.1	9311	14586952
scaff_group001	JAEPEU010000683.1	9316	14596268
scaff_group001	JAEPEU010007263.1	9322	14605590
scaff_group001	JAEPEU010008366.1	9327	14614917
scaff_group001	JAEPEU010006454.1	9329	14624246
scaff_group001	JAEPEU010000798.1	9331	14633577
scaff_group001	JAEPEU010002005.1	9344	14642921
scaff_group001	JAEPEU010006270.1	9359	14652280
scaff_group001	JAEPEU010002764.1	9362	14661642
scaff_group001	JAEPEU010008077.1	9377	14671019
scaff_group001	JAEPEU010008905.1	9388	14680407
scaff_group001	JAEPEU010000401.1	9390	14689797
scaff_group001	JAEPEU010001080.1	9405	14699202
scaff_group001	JAEPEU010004011.1	9423	14708625
scaff_group001	JAEPEU010003118.1	9432	14718057
scaff_group001	JAEPEU010005806.1	9438	14727495
scaff_group001	JAEPEU010008126.1	9447	14736942
scaff_group001	JAEPEU010002699.1	9463	14746405
scaff_group001	JAEPEU010002776.1	9490	14755895
scaff_group001	JAEPEU010006838.1	9491	14765386
scaff_group001	JAEPEU010004888.1	9492	14774878
scaff_group001	JAEPEU010005254.1	9492	14784370
scaff_group001	JAEPEU010008640.1	9499	14793869
scaff_group001	JAEPEU010007134.1	9509	14803378
scaff_group001	JAEPEU010000909.1	9509	14812887
scaff_group001	JAEPEU010008068.1	9517	14822404
scaff_group001	JAEPEU010008951.1	9519	14831923
scaff_group001	JAEPEU010002847.1	9530	14841453
scaff_group001	JAEPEU010001803.1	9540	14850993
scaff_group001	JAEPEU010007223.1	9541	14860534
scaff_group001	JAEPEU010007895.1	9543	14870077
scaff_group001	JAEPEU010002157.1	9544	14879621
scaff_group001	JAEPEU010005176.1	9546	14889167
scaff_group001	JAEPEU010000302.1	9547	14898714
scaff_group001	JAEPEU010005619.1	9558	14908272
scaff_group001	JAEPEU010003938.1	9560	14917832
scaff_group001	JAEPEU010002490.1	9564	14927396
scaff_group001	JAEPEU010007122.1	9583	14936979
scaff_group001	JAEPEU010001488.1	9589	14946568
scaff_group001	JAEPEU010007147.1	9593	14956161
scaff_group001	JAEPEU010003934.1	9594	14965755
scaff_group001	JAEPEU010007344.1	9607	14975362
scaff_group001	JAEPEU010008803.1	9615	14984977
scaff_group001	JAEPEU010007953.1	9622	14994599
scaff_group001	JAEPEU010003367.1	9648	15004247
scaff_group001	JAEPEU010003548.1	9651	15013898
scaff_group001	JAEPEU010008333.1	9652	15023550
scaff_group001	JAEPEU010008041.1	9654	15033204
scaff_group001	JAEPEU010002999.1	9676	15042880
scaff_group001	JAEPEU010008807.1	9678	15052558
scaff_group001	JAEPEU010008499.1	9681	15062239
scaff_group001	JAEPEU010005143.1	9715	15071954
scaff_group001	JAEPEU010003285.1	9752	15081706
scaff_group001	JAEPEU010001819.1	9762	15091468
scaff_group001	JAEPEU010001614.1	9782	15101250
scaff_group001	JAEPEU010009413.1	9787	15111037
scaff_group001	JAEPEU010008272.1	9788	15120825
scaff_group001	JAEPEU010004068.1	9789	15130614
scaff_group001	JAEPEU010003734.1	9795	15140409
scaff_group001	JAEPEU010006786.1	9840	15150249
scaff_group001	JAEPEU010001197.1	9852	15160101
scaff_group001	JAEPEU010002685.1	9852	15169953
scaff_group001	JAEPEU010007552.1	9874	15179827
scaff_group001	JAEPEU010008304.1	9899	15189726
scaff_group001	JAEPEU010009925.1	9900	15199626
scaff_group001	JAEPEU010003141.1	9900	15209526
scaff_group001	JAEPEU010004337.1	9905	15219431
scaff_group001	JAEPEU010009837.1	9908	15229339
scaff_group001	JAEPEU010003333.1	9911	15239250
scaff_group001	JAEPEU010000114.1	9918	15249168
scaff_group001	JAEPEU010008963.1	9918	15259086
scaff_group001	JAEPEU010009307.1	9925	15269011
scaff_group001	JAEPEU010003650.1	9928	15278939
scaff_group001	JAEPEU010003986.1	9929	15288868
scaff_group001	JAEPEU010000498.1	9939	15298807
scaff_group001	JAEPEU010007434.1	9946	15308753
scaff_group001	JAEPEU010004149.1	9957	15318710
scaff_group001	JAEPEU010007087.1	9957	15328667
scaff_group001	JAEPEU010004558.1	9969	15338636
scaff_group001	JAEPEU010002236.1	10027	15348663
scaff_group001	JAEPEU010005268.1	10041	15358704
scaff_group001	JAEPEU010002027.1	10041	15368745
scaff_group001	JAEPEU010002943.1	10055	15378800
scaff_group001	JAEPEU010000051.1	10071	15388871
scaff_group001	JAEPEU010003096.1	10071	15398942
scaff_group001	JAEPEU010006001.1	10072	15409014
scaff_group001	JAEPEU010002976.1	10078	15419092
scaff_group001	JAEPEU010002655.1	10080	15429172
scaff_group001	JAEPEU010006971.1	10085	15439257
scaff_group001	JAEPEU010001769.1	10104	15449361
scaff_group001	JAEPEU010006405.1	10120	15459481
scaff_group001	JAEPEU010009796.1	10127	15469608
scaff_group001	JAEPEU010009777.1	10136	15479744
scaff_group001	JAEPEU010006221.1	10137	15489881
scaff_group001	JAEPEU010008363.1	10142	15500023
scaff_group001	JAEPEU010002195.1	10143	15510166
scaff_group001	JAEPEU010007735.1	10148	15520314
scaff_group001	JAEPEU010001925.1	10164	15530478
scaff_group001	JAEPEU010005930.1	10168	15540646
scaff_group001	JAEPEU010002098.1	10173	15550819
scaff_group001	JAEPEU010001381.1	10175	15560994
scaff_group001	JAEPEU010004335.1	10175	15571169
scaff_group001	JAEPEU010007018.1	10181	15581350
scaff_group001	JAEPEU010005735.1	10186	15591536
scaff_group001	JAEPEU010002423.1	10203	15601739
scaff_group001	JAEPEU010002338.1	10207	15611946
scaff_group001	JAEPEU010007044.1	10215	15622161
scaff_group001	JAEPEU010007092.1	10221	15632382
scaff_group001	JAEPEU010002985.1	10227	15642609
scaff_group001	JAEPEU010007300.1	10252	15652861
scaff_group001	JAEPEU010000073.1	10254	15663115
scaff_group001	JAEPEU010000413.1	10259	15673374
scaff_group001	JAEPEU010000076.1	10268	15683642
scaff_group001	JAEPEU010000915.1	10289	15693931
scaff_group001	JAEPEU010005082.1	10293	15704224
scaff_group001	JAEPEU010000488.1	10293	15714517
scaff_group001	JAEPEU010003091.1	10296	15724813
scaff_group001	JAEPEU010003764.1	10308	15735121
scaff_group001	JAEPEU010009024.1	10319	15745440
scaff_group001	JAEPEU010004324.1	10324	15755764
scaff_group001	JAEPEU010004735.1	10325	15766089
scaff_group001	JAEPEU010005540.1	10361	15776450
scaff_group001	JAEPEU010002152.1	10367	15786817
scaff_group001	JAEPEU010004542.1	10372	15797189
scaff_group001	JAEPEU010003910.1	10402	15807591
scaff_group001	JAEPEU010002662.1	10414	15818005
scaff_group001	JAEPEU010001833.1	10416	15828421
scaff_group001	JAEPEU010006521.1	10449	15838870
scaff_group001	JAEPEU010001811.1	10490	15849360
scaff_group001	JAEPEU010003761.1	10494	15859854
scaff_group001	JAEPEU010001931.1	10505	15870359
scaff_group001	JAEPEU010001562.1	10517	15880876
scaff_group001	JAEPEU010002123.1	10528	15891404
scaff_group001	JAEPEU010006763.1	10547	15901951
scaff_group001	JAEPEU010000434.1	10565	15912516
scaff_group001	JAEPEU010002770.1	10565	15923081
scaff_group001	JAEPEU010005261.1	10571	15933652
scaff_group001	JAEPEU010001200.1	10594	15944246
scaff_group001	JAEPEU010000608.1	10597	15954843
scaff_group001	JAEPEU010005598.1	10599	15965442
scaff_group001	JAEPEU010002289.1	10606	15976048
scaff_group001	JAEPEU010000068.1	10615	15986663
scaff_group001	JAEPEU010002686.1	10622	15997285
scaff_group001	JAEPEU010000442.1	10651	16007936
scaff_group001	JAEPEU010007173.1	10661	16018597
scaff_group001	JAEPEU010008639.1	10680	16029277
scaff_group001	JAEPEU010006109.1	10704	16039981
scaff_group001	JAEPEU010007681.1	10708	16050689
scaff_group001	JAEPEU010006573.1	10716	16061405
scaff_group001	JAEPEU010009822.1	10742	16072147
scaff_group001	JAEPEU010008083.1	10749	16082896
scaff_group001	JAEPEU010001327.1	10762	16093658
scaff_group001	JAEPEU010002313.1	10789	16104447
scaff_group001	JAEPEU010008486.1	10812	16115259
scaff_group001	JAEPEU010008092.1	10813	16126072
scaff_group001	JAEPEU010005535.1	10827	16136899
scaff_group001	JAEPEU010002634.1	10838	16147737
scaff_group001	JAEPEU010006395.1	10901	16158638
scaff_group001	JAEPEU010006478.1	10913	16169551
scaff_group001	JAEPEU010007617.1	10938	16180489
scaff_group001	JAEPEU010001286.1	10939	16191428
scaff_group001	JAEPEU010009958.1	10946	16202374
scaff_group001	JAEPEU010000307.1	10994	16213368
scaff_group001	JAEPEU010004652.1	11007	16224375
scaff_group001	JAEPEU010006802.1	11011	16235386
scaff_group001	JAEPEU010007855.1	11019	16246405
scaff_group001	JAEPEU010000329.1	11035	16257440
scaff_group001	JAEPEU010008141.1	11049	16268489
scaff_group001	JAEPEU010001339.1	11050	16279539
scaff_group001	JAEPEU010006449.1	11066	16290605
scaff_group001	JAEPEU010002629.1	11068	16301673
scaff_group001	JAEPEU010005744.1	11084	16312757
scaff_group001	JAEPEU010007499.1	11093	16323850
scaff_group001	JAEPEU010003678.1	11096	16334946
scaff_group001	JAEPEU010001176.1	11100	16346046
scaff_group001	JAEPEU010007442.1	11106	16357152
scaff_group001	JAEPEU010008886.1	11120	16368272
scaff_group001	JAEPEU010000916.1	11131	16379403
scaff_group001	JAEPEU010001703.1	11135	16390538
scaff_group001	JAEPEU010004964.1	11137	16401675
scaff_group001	JAEPEU010007730.1	11157	16412832
scaff_group001	JAEPEU010008251.1	11161	16423993
scaff_group001	JAEPEU010001140.1	11163	16435156
scaff_group001	JAEPEU010008456.1	11165	16446321
scaff_group001	JAEPEU010006527.1	11166	16457487
scaff_group001	JAEPEU010002185.1	11185	16468672
scaff_group001	JAEPEU010002544.1	11186	16479858
scaff_group001	JAEPEU010007767.1	11200	16491058
scaff_group001	JAEPEU010002180.1	11200	16502258
scaff_group001	JAEPEU010009700.1	11239	16513497
scaff_group001	JAEPEU010003602.1	11242	16524739
scaff_group001	JAEPEU010004639.1	11245	16535984
scaff_group001	JAEPEU010004384.1	11262	16547246
scaff_group001	JAEPEU010008165.1	11309	16558555
scaff_group001	JAEPEU010005334.1	11323	16569878
scaff_group001	JAEPEU010005812.1	11328	16581206
scaff_group001	JAEPEU010009369.1	11352	16592558
scaff_group001	JAEPEU010009248.1	11360	16603918
scaff_group001	JAEPEU010000687.1	11369	16615287
scaff_group001	JAEPEU010006315.1	11370	16626657
scaff_group001	JAEPEU010009824.1	11377	16638034
scaff_group001	JAEPEU010008702.1	11378	16649412
scaff_group001	JAEPEU010007479.1	11386	16660798
scaff_group001	JAEPEU010000184.1	11420	16672218
scaff_group001	JAEPEU010008308.1	11450	16683668
scaff_group001	JAEPEU010007686.1	11458	16695126
scaff_group001	JAEPEU010003634.1	11459	16706585
scaff_group001	JAEPEU010006249.1	11535	16718120
scaff_group001	JAEPEU010007346.1	11545	16729665
scaff_group001	JAEPEU010006140.1	11602	16741267
scaff_group001	JAEPEU010003484.1	11609	16752876
scaff_group001	JAEPEU010006576.1	11619	16764495
scaff_group001	JAEPEU010003772.1	11628	16776123
scaff_group001	JAEPEU010002302.1	11636	16787759
scaff_group001	JAEPEU010003176.1	11646	16799405
scaff_group001	JAEPEU010002271.1	11649	16811054
scaff_group001	JAEPEU010000623.1	11660	16822714
scaff_group001	JAEPEU010007700.1	11667	16834381
scaff_group001	JAEPEU010004673.1	11670	16846051
scaff_group001	JAEPEU010003299.1	11681	16857732
scaff_group001	JAEPEU010008130.1	11699	16869431
scaff_group001	JAEPEU010006888.1	11730	16881161
scaff_group001	JAEPEU010005373.1	11737	16892898
scaff_group001	JAEPEU010007909.1	11743	16904641
scaff_group001	JAEPEU010009379.1	11752	16916393
scaff_group001	JAEPEU010007196.1	11777	16928170
scaff_group001	JAEPEU010003684.1	11779	16939949
scaff_group001	JAEPEU010000407.1	11787	16951736
scaff_group001	JAEPEU010001974.1	11793	16963529
scaff_group001	JAEPEU010006266.1	11810	16975339
scaff_group001	JAEPEU010001098.1	11819	16987158
scaff_group001	JAEPEU010007777.1	11821	16998979
scaff_group001	JAEPEU010002430.1	11824	17010803
scaff_group001	JAEPEU010000382.1	11844	17022647
scaff_group001	JAEPEU010002252.1	11859	17034506
scaff_group001	JAEPEU010006422.1	11884	17046390
scaff_group001	JAEPEU010003642.1	11890	17058280
scaff_group001	JAEPEU010009968.1	11890	17070170
scaff_group001	JAEPEU010002845.1	11906	17082076
scaff_group001	JAEPEU010009850.1	11916	17093992
scaff_group001	JAEPEU010007138.1	11923	17105915
scaff_group001	JAEPEU010002221.1	11940	17117855
scaff_group001	JAEPEU010005185.1	11944	17129799
scaff_group001	JAEPEU010000580.1	11947	17141746
scaff_group001	JAEPEU010009773.1	11957	17153703
scaff_group001	JAEPEU010007911.1	11962	17165665
scaff_group001	JAEPEU010009972.1	11967	17177632
scaff_group001	JAEPEU010007920.1	12000	17189632
scaff_group001	JAEPEU010005710.1	12014	17201646
scaff_group001	JAEPEU010008453.1	12039	17213685
scaff_group001	JAEPEU010003314.1	12070	17225755
scaff_group001	JAEPEU010007180.1	12078	17237833
scaff_group001	JAEPEU010000089.1	12099	17249932
scaff_group001	JAEPEU010004936.1	12110	17262042
scaff_group001	JAEPEU010000370.1	12114	17274156
scaff_group001	JAEPEU010005915.1	12123	17286279
scaff_group001	JAEPEU010003641.1	12135	17298414
scaff_group001	JAEPEU010008652.1	12154	17310568
scaff_group001	JAEPEU010009104.1	12169	17322737
scaff_group001	JAEPEU010003669.1	12174	17334911
scaff_group001	JAEPEU010004087.1	12191	17347102
scaff_group001	JAEPEU010006755.1	12196	17359298
scaff_group001	JAEPEU010000832.1	12219	17371517
scaff_group001	JAEPEU010007429.1	12233	17383750
scaff_group001	JAEPEU010006151.1	12254	17396004
scaff_group001	JAEPEU010009343.1	12260	17408264
scaff_group001	JAEPEU010000362.1	12272	17420536
scaff_group001	JAEPEU010000502.1	12290	17432826
scaff_group001	JAEPEU010002127.1	12291	17445117
scaff_group001	JAEPEU010000970.1	12303	17457420
scaff_group001	JAEPEU010008045.1	12310	17469730
scaff_group001	JAEPEU010001182.1	12313	17482043
scaff_group001	JAEPEU010005296.1	12321	17494364
scaff_group001	JAEPEU010001424.1	12324	17506688
scaff_group001	JAEPEU010001128.1	12334	17519022
scaff_group001	JAEPEU010007010.1	12345	17531367
scaff_group001	JAEPEU010006371.1	12350	17543717
scaff_group001	JAEPEU010006051.1	12357	17556074
scaff_group001	JAEPEU010000170.1	12359	17568433
scaff_group001	JAEPEU010009622.1	12394	17580827
scaff_group001	JAEPEU010002902.1	12430	17593257
scaff_group001	JAEPEU010005243.1	12439	17605696
scaff_group001	JAEPEU010009095.1	12449	17618145
scaff_group001	JAEPEU010009830.1	12451	17630596
scaff_group001	JAEPEU010004080.1	12466	17643062
scaff_group001	JAEPEU010006698.1	12492	17655554
scaff_group001	JAEPEU010004513.1	12500	17668054
scaff_group001	JAEPEU010001363.1	12511	17680565
scaff_group001	JAEPEU010009081.1	12515	17693080
scaff_group001	JAEPEU010003102.1	12541	17705621
scaff_group001	JAEPEU010007234.1	12543	17718164
scaff_group001	JAEPEU010001947.1	12555	17730719
scaff_group001	JAEPEU010001573.1	12564	17743283
scaff_group001	JAEPEU010002747.1	12569	17755852
scaff_group001	JAEPEU010000241.1	12570	17768422
scaff_group001	JAEPEU010002752.1	12571	17780993
scaff_group001	JAEPEU010001557.1	12574	17793567
scaff_group001	JAEPEU010000180.1	12575	17806142
scaff_group001	JAEPEU010008755.1	12581	17818723
scaff_group001	JAEPEU010002494.1	12582	17831305
scaff_group001	JAEPEU010005705.1	12599	17843904
scaff_group001	JAEPEU010008707.1	12614	17856518
scaff_group001	JAEPEU010002331.1	12615	17869133
scaff_group001	JAEPEU010004076.1	12631	17881764
scaff_group001	JAEPEU010001751.1	12637	17894401
scaff_group001	JAEPEU010007698.1	12638	17907039
scaff_group001	JAEPEU010004201.1	12641	17919680
scaff_group001	JAEPEU010008466.1	12672	17932352
scaff_group001	JAEPEU010005129.1	12682	17945034
scaff_group001	JAEPEU010008119.1	12699	17957733
scaff_group001	JAEPEU010001702.1	12718	17970451
scaff_group001	JAEPEU010007319.1	12744	17983195
scaff_group001	JAEPEU010002525.1	12760	17995955
scaff_group001	JAEPEU010007685.1	12768	18008723
scaff_group001	JAEPEU010008085.1	12804	18021527
scaff_group001	JAEPEU010005537.1	12810	18034337
scaff_group001	JAEPEU010006337.1	12816	18047153
scaff_group001	JAEPEU010006522.1	12827	18059980
scaff_group001	JAEPEU010008805.1	12832	18072812
scaff_group001	JAEPEU010002179.1	12850	18085662
scaff_group001	JAEPEU010002399.1	12859	18098521
scaff_group001	JAEPEU010007192.1	12861	18111382
scaff_group001	JAEPEU010007281.1	12873	18124255
scaff_group001	JAEPEU010001212.1	12921	18137176
scaff_group001	JAEPEU010006437.1	12925	18150101
scaff_group001	JAEPEU010009807.1	12931	18163032
scaff_group001	JAEPEU010006593.1	12933	18175965
scaff_group001	JAEPEU010005116.1	12936	18188901
scaff_group001	JAEPEU010003318.1	12985	18201886
scaff_group001	JAEPEU010005295.1	13006	18214892
scaff_group001	JAEPEU010005684.1	13013	18227905
scaff_group001	JAEPEU010004966.1	13045	18240950
scaff_group001	JAEPEU010007804.1	13077	18254027
scaff_group001	JAEPEU010008479.1	13081	18267108
scaff_group001	JAEPEU010009544.1	13090	18280198
scaff_group001	JAEPEU010005190.1	13127	18293325
scaff_group001	JAEPEU010008575.1	13136	18306461
scaff_group001	JAEPEU010004408.1	13144	18319605
scaff_group001	JAEPEU010002652.1	13150	18332755
scaff_group001	JAEPEU010000694.1	13150	18345905
scaff_group001	JAEPEU010002751.1	13151	18359056
scaff_group001	JAEPEU010004579.1	13176	18372232
scaff_group001	JAEPEU010003481.1	13234	18385466
scaff_group001	JAEPEU010003282.1	13261	18398727
scaff_group001	JAEPEU010003616.1	13262	18411989
scaff_group001	JAEPEU010006123.1	13273	18425262
scaff_group001	JAEPEU010002622.1	13285	18438547
scaff_group001	JAEPEU010004446.1	13289	18451836
scaff_group001	JAEPEU010007049.1	13300	18465136
scaff_group001	JAEPEU010006901.1	13330	18478466
scaff_group001	JAEPEU010006263.1	13332	18491798
scaff_group001	JAEPEU010009956.1	13430	18505228
scaff_group001	JAEPEU010004884.1	13440	18518668
scaff_group001	JAEPEU010009969.1	13443	18532111
scaff_group001	JAEPEU010008901.1	13446	18545557
scaff_group001	JAEPEU010005869.1	13470	18559027
scaff_group001	JAEPEU010000743.1	13474	18572501
scaff_group001	JAEPEU010003493.1	13487	18585988
scaff_group001	JAEPEU010005900.1	13508	18599496
scaff_group001	JAEPEU010009232.1	13522	18613018
scaff_group001	JAEPEU010002631.1	13529	18626547
scaff_group001	JAEPEU010009385.1	13530	18640077
scaff_group001	JAEPEU010000802.1	13545	18653622
scaff_group001	JAEPEU010001943.1	13569	18667191
scaff_group001	JAEPEU010001918.1	13577	18680768
scaff_group001	JAEPEU010004089.1	13590	18694358
scaff_group001	JAEPEU010008342.1	13591	18707949
scaff_group001	JAEPEU010009223.1	13597	18721546
scaff_group001	JAEPEU010001321.1	13619	18735165
scaff_group001	JAEPEU010009403.1	13632	18748797
scaff_group001	JAEPEU010008550.1	13638	18762435
scaff_group001	JAEPEU010002983.1	13646	18776081
scaff_group001	JAEPEU010009844.1	13670	18789751
scaff_group001	JAEPEU010007635.1	13686	18803437
scaff_group001	JAEPEU010005411.1	13712	18817149
scaff_group001	JAEPEU010003458.1	13729	18830878
scaff_group001	JAEPEU010008262.1	13779	18844657
scaff_group001	JAEPEU010009039.1	13789	18858446
scaff_group001	JAEPEU010004669.1	13795	18872241
scaff_group001	JAEPEU010000186.1	13860	18886101
scaff_group001	JAEPEU010000252.1	13861	18899962
scaff_group001	JAEPEU010006566.1	13869	18913831
scaff_group001	JAEPEU010009784.1	13890	18927721
scaff_group001	JAEPEU010001801.1	13891	18941612
scaff_group001	JAEPEU010009458.1	13905	18955517
scaff_group001	JAEPEU010009022.1	13964	18969481
scaff_group001	JAEPEU010002668.1	13976	18983457
scaff_group001	JAEPEU010006837.1	13979	18997436
scaff_group001	JAEPEU010000684.1	13993	19011429
scaff_group001	JAEPEU010003718.1	14014	19025443
scaff_group001	JAEPEU010007056.1	14020	19039463
scaff_group001	JAEPEU010000672.1	14042	19053505
scaff_group001	JAEPEU010002090.1	14049	19067554
scaff_group001	JAEPEU010006846.1	14050	19081604
scaff_group001	JAEPEU010000845.1	14069	19095673
scaff_group001	JAEPEU010007637.1	14075	19109748
scaff_group001	JAEPEU010002336.1	14091	19123839
scaff_group001	JAEPEU010004529.1	14123	19137962
scaff_group001	JAEPEU010000493.1	14211	19152173
scaff_group001	JAEPEU010005485.1	14213	19166386
scaff_group001	JAEPEU010001577.1	14226	19180612
scaff_group001	JAEPEU010003501.1	14251	19194863
scaff_group001	JAEPEU010009087.1	14258	19209121
scaff_group001	JAEPEU010007524.1	14261	19223382
scaff_group001	JAEPEU010008583.1	14262	19237644
scaff_group001	JAEPEU010002257.1	14297	19251941
scaff_group001	JAEPEU010009781.1	14311	19266252
scaff_group001	JAEPEU010003589.1	14324	19280576
scaff_group001	JAEPEU010001831.1	14335	19294911
scaff_group001	JAEPEU010001553.1	14340	19309251
scaff_group001	JAEPEU010006346.1	14356	19323607
scaff_group001	JAEPEU010003066.1	14357	19337964
scaff_group001	JAEPEU010008299.1	14374	19352338
scaff_group001	JAEPEU010002939.1	14386	19366724
scaff_group001	JAEPEU010000531.1	14416	19381140
scaff_group001	JAEPEU010006137.1	14428	19395568
scaff_group001	JAEPEU010007872.1	14487	19410055
scaff_group001	JAEPEU010007028.1	14489	19424544
scaff_group001	JAEPEU010009376.1	14499	19439043
scaff_group001	JAEPEU010007868.1	14499	19453542
scaff_group001	JAEPEU010002872.1	14509	19468051
scaff_group001	JAEPEU010007679.1	14529	19482580
scaff_group001	JAEPEU010006795.1	14555	19497135
scaff_group001	JAEPEU010003416.1	14564	19511699
scaff_group001	JAEPEU010004037.1	14576	19526275
scaff_group001	JAEPEU010001394.1	14586	19540861
scaff_group001	JAEPEU010001186.1	14617	19555478
scaff_group001	JAEPEU010004269.1	14622	19570100
scaff_group001	JAEPEU010001288.1	14629	19584729
scaff_group001	JAEPEU010005816.1	14666	19599395
scaff_group001	JAEPEU010003944.1	14700	19614095
scaff_group001	JAEPEU010001073.1	14735	19628830
scaff_group001	JAEPEU010008911.1	14738	19643568
scaff_group001	JAEPEU010004858.1	14740	19658308
scaff_group001	JAEPEU010000825.1	14772	19673080
scaff_group001	JAEPEU010001425.1	14797	19687877
scaff_group001	JAEPEU010005119.1	14808	19702685
scaff_group001	JAEPEU010004844.1	14836	19717521
scaff_group001	JAEPEU010003016.1	14839	19732360
scaff_group001	JAEPEU010002977.1	14849	19747209
scaff_group001	JAEPEU010000986.1	14874	19762083
scaff_group001	JAEPEU010006900.1	14891	19776974
scaff_group001	JAEPEU010001226.1	14905	19791879
scaff_group001	JAEPEU010006582.1	14924	19806803
scaff_group001	JAEPEU010002224.1	14927	19821730
scaff_group001	JAEPEU010002624.1	14939	19836669
scaff_group001	JAEPEU010000284.1	14943	19851612
scaff_group001	JAEPEU010000870.1	14944	19866556
scaff_group001	JAEPEU010003426.1	15021	19881577
scaff_group001	JAEPEU010003184.1	15046	19896623
scaff_group001	JAEPEU010006840.1	15047	19911670
scaff_group001	JAEPEU010007850.1	15066	19926736
scaff_group001	JAEPEU010006542.1	15102	19941838
scaff_group001	JAEPEU010004750.1	15125	19956963
scaff_group001	JAEPEU010003625.1	15154	19972117
scaff_group001	JAEPEU010004759.1	15183	19987300
scaff_group001	JAEPEU010006502.1	15196	20002496
scaff_group001	JAEPEU010000515.1	15204	20017700
scaff_group001	JAEPEU010003800.1	15223	20032923
scaff_group001	JAEPEU010005780.1	15255	20048178
scaff_group001	JAEPEU010004354.1	15270	20063448
scaff_group001	JAEPEU010008243.1	15336	20078784
scaff_group001	JAEPEU010002003.1	15343	20094127
scaff_group001	JAEPEU010005234.1	15348	20109475
scaff_group001	JAEPEU010001673.1	15371	20124846
scaff_group001	JAEPEU010004903.1	15402	20140248
scaff_group001	JAEPEU010005257.1	15482	20155730
scaff_group001	JAEPEU010004775.1	15527	20171257
scaff_group001	JAEPEU010006999.1	15553	20186810
scaff_group001	JAEPEU010007742.1	15576	20202386
scaff_group001	JAEPEU010004538.1	15579	20217965
scaff_group001	JAEPEU010001478.1	15627	20233592
scaff_group001	JAEPEU010001102.1	15664	20249256
scaff_group001	JAEPEU010001183.1	15691	20264947
scaff_group001	JAEPEU010007528.1	15698	20280645
scaff_group001	JAEPEU010008001.1	15746	20296391
scaff_group001	JAEPEU010009673.1	15746	20312137
scaff_group001	JAEPEU010001417.1	15782	20327919
scaff_group001	JAEPEU010000134.1	15790	20343709
scaff_group001	JAEPEU010001707.1	15823	20359532
scaff_group001	JAEPEU010002701.1	15825	20375357
scaff_group001	JAEPEU010008015.1	15845	20391202
scaff_group001	JAEPEU010004411.1	15860	20407062
scaff_group001	JAEPEU010000255.1	15863	20422925
scaff_group001	JAEPEU010008962.1	15945	20438870
scaff_group001	JAEPEU010008522.1	15998	20454868
scaff_group001	JAEPEU010000605.1	16016	20470884
scaff_group001	JAEPEU010002458.1	16030	20486914
scaff_group001	JAEPEU010008954.1	16036	20502950
scaff_group001	JAEPEU010000025.1	16036	20518986
scaff_group001	JAEPEU010001312.1	16057	20535043
scaff_group001	JAEPEU010005621.1	16059	20551102
scaff_group001	JAEPEU010005761.1	16098	20567200
scaff_group001	JAEPEU010005943.1	16129	20583329
scaff_group001	JAEPEU010000175.1	16131	20599460
scaff_group001	JAEPEU010007803.1	16153	20615613
scaff_group001	JAEPEU010006678.1	16156	20631769
scaff_group001	JAEPEU010009951.1	16205	20647974
scaff_group001	JAEPEU010000595.1	16211	20664185
scaff_group001	JAEPEU010001735.1	16264	20680449
scaff_group001	JAEPEU010005260.1	16292	20696741
scaff_group001	JAEPEU010007672.1	16297	20713038
scaff_group001	JAEPEU010009228.1	16323	20729361
scaff_group001	JAEPEU010001700.1	16352	20745713
scaff_group001	JAEPEU010000804.1	16384	20762097
scaff_group001	JAEPEU010007516.1	16400	20778497
scaff_group001	JAEPEU010007995.1	16405	20794902
scaff_group001	JAEPEU010004480.1	16423	20811325
scaff_group001	JAEPEU010009103.1	16450	20827775
scaff_group001	JAEPEU010004044.1	16458	20844233
scaff_group001	JAEPEU010006854.1	16460	20860693
scaff_group001	JAEPEU010009150.1	16461	20877154
scaff_group001	JAEPEU010007535.1	16462	20893616
scaff_group001	JAEPEU010008048.1	16470	20910086
scaff_group001	JAEPEU010006191.1	16479	20926565
scaff_group001	JAEPEU010001393.1	16512	20943077
scaff_group001	JAEPEU010002432.1	16616	20959693
scaff_group001	JAEPEU010007813.1	16683	20976376
scaff_group001	JAEPEU010005048.1	16693	20993069
scaff_group001	JAEPEU010006628.1	16696	21009765
scaff_group001	JAEPEU010004571.1	16731	21026496
scaff_group001	JAEPEU010007745.1	16736	21043232
scaff_group001	JAEPEU010008960.1	16739	21059971
scaff_group001	JAEPEU010000836.1	16793	21076764
scaff_group001	JAEPEU010000443.1	16800	21093564
scaff_group001	JAEPEU010007660.1	16807	21110371
scaff_group001	JAEPEU010009698.1	16830	21127201
scaff_group001	JAEPEU010002312.1	16848	21144049
scaff_group001	JAEPEU010003001.1	16856	21160905
scaff_group001	JAEPEU010005702.1	16945	21177850
scaff_group001	JAEPEU010008388.1	16959	21194809
scaff_group001	JAEPEU010001715.1	16972	21211781
scaff_group001	JAEPEU010009767.1	16985	21228766
scaff_group001	JAEPEU010007100.1	17002	21245768
scaff_group001	JAEPEU010004636.1	17021	21262789
scaff_group001	JAEPEU010003735.1	17069	21279858
scaff_group001	JAEPEU010001188.1	17089	21296947
scaff_group001	JAEPEU010006004.1	17114	21314061
scaff_group001	JAEPEU010002349.1	17136	21331197
scaff_group001	JAEPEU010000803.1	17143	21348340
scaff_group001	JAEPEU010001519.1	17150	21365490
scaff_group001	JAEPEU010007340.1	17210	21382700
scaff_group001	JAEPEU010008801.1	17213	21399913
scaff_group001	JAEPEU010005902.1	17313	21417226
scaff_group001	JAEPEU010009566.1	17318	21434544
scaff_group001	JAEPEU010006073.1	17319	21451863
scaff_group001	JAEPEU010002069.1	17327	21469190
scaff_group001	JAEPEU010007789.1	17342	21486532
scaff_group001	JAEPEU010004919.1	17347	21503879
scaff_group001	JAEPEU010002842.1	17388	21521267
scaff_group001	JAEPEU010008988.1	17420	21538687
scaff_group001	JAEPEU010005253.1	17437	21556124
scaff_group001	JAEPEU010005398.1	17439	21573563
scaff_group001	JAEPEU010007198.1	17453	21591016
scaff_group001	JAEPEU010006195.1	17533	21608549
scaff_group001	JAEPEU010009532.1	17554	21626103
scaff_group001	JAEPEU010000821.1	17601	21643704
scaff_group001	JAEPEU010004282.1	17607	21661311
scaff_group001	JAEPEU010008585.1	17641	21678952
scaff_group001	JAEPEU010001979.1	17670	21696622
scaff_group001	JAEPEU010007801.1	17726	21714348
scaff_group001	JAEPEU010007792.1	17731	21732079
scaff_group001	JAEPEU010007599.1	17738	21749817
scaff_group001	JAEPEU010002297.1	17765	21767582
scaff_group001	JAEPEU010003438.1	17768	21785350
scaff_group001	JAEPEU010008480.1	17783	21803133
scaff_group001	JAEPEU010009886.1	17814	21820947
scaff_group001	JAEPEU010001511.1	17820	21838767
scaff_group001	JAEPEU010006563.1	17836	21856603
scaff_group001	JAEPEU010009672.1	17850	21874453
scaff_group001	JAEPEU010001919.1	17857	21892310
scaff_group001	JAEPEU010007986.1	17870	21910180
scaff_group001	JAEPEU010003457.1	17895	21928075
scaff_group001	JAEPEU010006339.1	17897	21945972
scaff_group001	JAEPEU010002389.1	17898	21963870
scaff_group001	JAEPEU010008844.1	17900	21981770
scaff_group001	JAEPEU010002783.1	17964	21999734
scaff_group001	JAEPEU010006474.1	17987	22017721
scaff_group001	JAEPEU010006312.1	17997	22035718
scaff_group001	JAEPEU010009224.1	18002	22053720
scaff_group001	JAEPEU010001534.1	18068	22071788
scaff_group001	JAEPEU010006740.1	18068	22089856
scaff_group001	JAEPEU010007690.1	18094	22107950
scaff_group001	JAEPEU010002384.1	18123	22126073
scaff_group001	JAEPEU010006692.1	18125	22144198
scaff_group001	JAEPEU010000153.1	18183	22162381
scaff_group001	JAEPEU010008577.1	18227	22180608
scaff_group001	JAEPEU010003101.1	18254	22198862
scaff_group001	JAEPEU010007428.1	18294	22217156
scaff_group001	JAEPEU010009954.1	18339	22235495
scaff_group001	JAEPEU010006736.1	18374	22253869
scaff_group001	JAEPEU010008392.1	18385	22272254
scaff_group001	JAEPEU010009021.1	18399	22290653
scaff_group001	JAEPEU010009665.1	18404	22309057
scaff_group001	JAEPEU010001248.1	18421	22327478
scaff_group001	JAEPEU010007203.1	18446	22345924
scaff_group001	JAEPEU010002553.1	18465	22364389
scaff_group001	JAEPEU010004232.1	18538	22382927
scaff_group001	JAEPEU010007125.1	18541	22401468
scaff_group001	JAEPEU010008717.1	18614	22420082
scaff_group001	JAEPEU010005526.1	18627	22438709
scaff_group001	JAEPEU010006225.1	18629	22457338
scaff_group001	JAEPEU010001807.1	18666	22476004
scaff_group001	JAEPEU010006777.1	18669	22494673
scaff_group001	JAEPEU010004102.1	18677	22513350
scaff_group001	JAEPEU010004449.1	18679	22532029
scaff_group001	JAEPEU010008547.1	18683	22550712
scaff_group001	JAEPEU010001853.1	18688	22569400
scaff_group001	JAEPEU010008269.1	18708	22588108
scaff_group001	JAEPEU010002687.1	18766	22606874
scaff_group001	JAEPEU010006098.1	18769	22625643
scaff_group001	JAEPEU010002940.1	18836	22644479
scaff_group001	JAEPEU010000094.1	18851	22663330
scaff_group001	JAEPEU010001813.1	18873	22682203
scaff_group001	JAEPEU010008697.1	18895	22701098
scaff_group001	JAEPEU010000138.1	18949	22720047
scaff_group001	JAEPEU010003064.1	18965	22739012
scaff_group001	JAEPEU010007334.1	18994	22758006
scaff_group001	JAEPEU010009313.1	19006	22777012
scaff_group001	JAEPEU010003978.1	19028	22796040
scaff_group001	JAEPEU010005023.1	19042	22815082
scaff_group001	JAEPEU010006428.1	19042	22834124
scaff_group001	JAEPEU010001232.1	19056	22853180
scaff_group001	JAEPEU010009213.1	19097	22872277
scaff_group001	JAEPEU010001082.1	19100	22891377
scaff_group001	JAEPEU010007222.1	19129	22910506
scaff_group001	JAEPEU010008338.1	19188	22929694
scaff_group001	JAEPEU010002925.1	19218	22948912
scaff_group001	JAEPEU010002814.1	19219	22968131
scaff_group001	JAEPEU010005928.1	19269	22987400
scaff_group001	JAEPEU010003050.1	19290	23006690
scaff_group001	JAEPEU010007007.1	19322	23026012
scaff_group001	JAEPEU010005044.1	19371	23045383
scaff_group001	JAEPEU010000540.1	19396	23064779
scaff_group001	JAEPEU010007266.1	19465	23084244
scaff_group001	JAEPEU010009799.1	19478	23103722
scaff_group001	JAEPEU010005839.1	19499	23123221
scaff_group001	JAEPEU010005378.1	19541	23142762
scaff_group001	JAEPEU010005501.1	19623	23162385
scaff_group001	JAEPEU010006511.1	19684	23182069
scaff_group001	JAEPEU010003261.1	19686	23201755
scaff_group001	JAEPEU010006403.1	19721	23221476
scaff_group001	JAEPEU010006940.1	19725	23241201
scaff_group001	JAEPEU010004041.1	19804	23261005
scaff_group001	JAEPEU010005172.1	19840	23280845
scaff_group001	JAEPEU010001331.1	19843	23300688
scaff_group001	JAEPEU010009453.1	19847	23320535
scaff_group002	JAEPEU010007422.1	19874	23340409
scaff_group002	JAEPEU010008774.1	19895	23360304
scaff_group002	JAEPEU010001369.1	19904	23380208
scaff_group002	JAEPEU010007860.1	19948	23400156
scaff_group002	JAEPEU010007231.1	19959	23420115
scaff_group002	JAEPEU010004886.1	19995	23440110
scaff_group002	JAEPEU010007666.1	20018	23460128
scaff_group002	JAEPEU010009602.1	20041	23480169
scaff_group002	JAEPEU010006665.1	20083	23500252
scaff_group002	JAEPEU010004938.1	20098	23520350
scaff_group002	JAEPEU010002204.1	20116	23540466
scaff_group002	JAEPEU010000504.1	20126	23560592
scaff_group002	JAEPEU010002209.1	20169	23580761
scaff_group002	JAEPEU010002774.1	20171	23600932
scaff_group002	JAEPEU010004298.1	20181	23621113
scaff_group002	JAEPEU010004882.1	20238	23641351
scaff_group002	JAEPEU010007506.1	20238	23661589
scaff_group002	JAEPEU010006853.1	20244	23681833
scaff_group002	JAEPEU010007930.1	20280	23702113
scaff_group002	JAEPEU010004574.1	20296	23722409
scaff_group002	JAEPEU010001713.1	20321	23742730
scaff_group002	JAEPEU010002950.1	20343	23763073
scaff_group002	JAEPEU010009936.1	20349	23783422
scaff_group002	JAEPEU010000685.1	20353	23803775
scaff_group002	JAEPEU010000731.1	20393	23824168
scaff_group002	JAEPEU010001075.1	20410	23844578
scaff_group002	JAEPEU010001862.1	20420	23864998
scaff_group002	JAEPEU010000376.1	20424	23885422
scaff_group002	JAEPEU010001582.1	20450	23905872
scaff_group002	JAEPEU010003353.1	20452	23926324
scaff_group002	JAEPEU010006935.1	20457	23946781
scaff_group002	JAEPEU010000372.1	20466	23967247
scaff_group002	JAEPEU010001002.1	20485	23987732
scaff_group002	JAEPEU010000708.1	20500	24008232
scaff_group002	JAEPEU010003900.1	20512	24028744
scaff_group002	JAEPEU010005465.1	20551	24049295
scaff_group002	JAEPEU010009574.1	20564	24069859
scaff_group002	JAEPEU010009661.1	20567	24090426
scaff_group002	JAEPEU010008932.1	20687	24111113
scaff_group002	JAEPEU010001732.1	20732	24131845
scaff_group002	JAEPEU010007962.1	20826	24152671
scaff_group002	JAEPEU010007699.1	20827	24173498
scaff_group002	JAEPEU010008071.1	20833	24194331
scaff_group002	JAEPEU010000879.1	20838	24215169
scaff_group002	JAEPEU010005849.1	20842	24236011
scaff_group002	JAEPEU010005493.1	20937	24256948
scaff_group002	JAEPEU010002418.1	20968	24277916
scaff_group002	JAEPEU010002350.1	20989	24298905
scaff_group002	JAEPEU010008399.1	20993	24319898
scaff_group002	JAEPEU010004205.1	21018	24340916
scaff_group002	JAEPEU010009337.1	21023	24361939
scaff_group002	JAEPEU010004616.1	21023	24382962
scaff_group002	JAEPEU010000317.1	21106	24404068
scaff_group002	JAEPEU010005183.1	21111	24425179
scaff_group002	JAEPEU010001489.1	21133	24446312
scaff_group002	JAEPEU010003795.1	21142	24467454
scaff_group002	JAEPEU010005954.1	21160	24488614
scaff_group002	JAEPEU010007649.1	21204	24509818
scaff_group002	JAEPEU010005653.1	21234	24531052
scaff_group002	JAEPEU010005374.1	21236	24552288
scaff_group002	JAEPEU010004181.1	21242	24573530
scaff_group002	JAEPEU010005212.1	21341	24594871
scaff_group002	JAEPEU010000439.1	21371	24616242
scaff_group002	JAEPEU010009540.1	21397	24637639
scaff_group002	JAEPEU010001869.1	21417	24659056
scaff_group002	JAEPEU010003097.1	21429	24680485
scaff_group002	JAEPEU010005977.1	21460	24701945
scaff_group002	JAEPEU010001598.1	21490	24723435
scaff_group002	JAEPEU010008497.1	21510	24744945
scaff_group002	JAEPEU010007810.1	21525	24766470
scaff_group002	JAEPEU010006244.1	21527	24787997
scaff_group002	JAEPEU010008022.1	21529	24809526
scaff_group002	JAEPEU010003047.1	21563	24831089
scaff_group002	JAEPEU010002688.1	21566	24852655
scaff_group002	JAEPEU010009042.1	21580	24874235
scaff_group002	JAEPEU010009265.1	21584	24895819
scaff_group002	JAEPEU010006097.1	21596	24917415
scaff_group002	JAEPEU010007408.1	21609	24939024
scaff_group002	JAEPEU010008355.1	21624	24960648
scaff_group002	JAEPEU010008180.1	21663	24982311
scaff_group002	JAEPEU010009621.1	21670	25003981
scaff_group002	JAEPEU010006222.1	21703	25025684
scaff_group002	JAEPEU010000564.1	21705	25047389
scaff_group002	JAEPEU010005567.1	21728	25069117
scaff_group002	JAEPEU010009034.1	21737	25090854
scaff_group002	JAEPEU010004103.1	21752	25112606
scaff_group002	JAEPEU010003588.1	21756	25134362
scaff_group002	JAEPEU010006727.1	21764	25156126
scaff_group002	JAEPEU010003955.1	21811	25177937
scaff_group002	JAEPEU010008199.1	21823	25199760
scaff_group002	JAEPEU010008877.1	21841	25221601
scaff_group002	JAEPEU010007689.1	21850	25243451
scaff_group002	JAEPEU010000321.1	21869	25265320
scaff_group002	JAEPEU010000206.1	21934	25287254
scaff_group002	JAEPEU010000410.1	21975	25309229
scaff_group002	JAEPEU010008751.1	21990	25331219
scaff_group002	JAEPEU010001984.1	21998	25353217
scaff_group002	JAEPEU010009110.1	22028	25375245
scaff_group002	JAEPEU010000061.1	22038	25397283
scaff_group002	JAEPEU010005759.1	22051	25419334
scaff_group002	JAEPEU010005407.1	22070	25441404
scaff_group002	JAEPEU010002980.1	22090	25463494
scaff_group002	JAEPEU010000981.1	22100	25485594
scaff_group002	JAEPEU010007668.1	22105	25507699
scaff_group002	JAEPEU010004096.1	22109	25529808
scaff_group002	JAEPEU010008791.1	22117	25551925
scaff_group002	JAEPEU010006800.1	22397	25574322
scaff_group002	JAEPEU010007937.1	22456	25596778
scaff_group002	JAEPEU010001721.1	22487	25619265
scaff_group002	JAEPEU010001802.1	22515	25641780
scaff_group002	JAEPEU010009321.1	22517	25664297
scaff_group002	JAEPEU010006883.1	22541	25686838
scaff_group002	JAEPEU010002743.1	22609	25709447
scaff_group002	JAEPEU010001453.1	22612	25732059
scaff_group002	JAEPEU010005383.1	22641	25754700
scaff_group002	JAEPEU010008726.1	22642	25777342
scaff_group002	JAEPEU010006646.1	22725	25800067
scaff_group002	JAEPEU010006759.1	22736	25822803
scaff_group002	JAEPEU010007220.1	22751	25845554
scaff_group002	JAEPEU010000826.1	22752	25868306
scaff_group002	JAEPEU010009530.1	22767	25891073
scaff_group002	JAEPEU010000732.1	22775	25913848
scaff_group002	JAEPEU010004506.1	22798	25936646
scaff_group002	JAEPEU010003094.1	22808	25959454
scaff_group002	JAEPEU010006680.1	22814	25982268
scaff_group002	JAEPEU010002558.1	22835	26005103
scaff_group002	JAEPEU010008772.1	22866	26027969
scaff_group002	JAEPEU010000350.1	22927	26050896
scaff_group002	JAEPEU010008257.1	22951	26073847
scaff_group002	JAEPEU010003708.1	22972	26096819
scaff_group002	JAEPEU010000491.1	22991	26119810
scaff_group002	JAEPEU010008760.1	23016	26142826
scaff_group002	JAEPEU010005962.1	23055	26165881
scaff_group002	JAEPEU010000570.1	23085	26188966
scaff_group002	JAEPEU010001445.1	23097	26212063
scaff_group002	JAEPEU010008244.1	23123	26235186
scaff_group002	JAEPEU010007449.1	23144	26258330
scaff_group002	JAEPEU010001606.1	23149	26281479
scaff_group002	JAEPEU010003344.1	23173	26304652
scaff_group002	JAEPEU010008682.1	23242	26327894
scaff_group002	JAEPEU010007907.1	23243	26351137
scaff_group002	JAEPEU010002882.1	23256	26374393
scaff_group002	JAEPEU010008454.1	23263	26397656
scaff_group002	JAEPEU010001903.1	23273	26420929
scaff_group002	JAEPEU010008369.1	23276	26444205
scaff_group002	JAEPEU010003223.1	23312	26467517
scaff_group002	JAEPEU010009896.1	23359	26490876
scaff_group002	JAEPEU010006612.1	23373	26514249
scaff_group002	JAEPEU010002218.1	23384	26537633
scaff_group002	JAEPEU010004678.1	23553	26561186
scaff_group002	JAEPEU010005329.1	23630	26584816
scaff_group002	JAEPEU010007598.1	23711	26608527
scaff_group002	JAEPEU010007973.1	23728	26632255
scaff_group002	JAEPEU010002540.1	23736	26655991
scaff_group002	JAEPEU010006886.1	23777	26679768
scaff_group002	JAEPEU010005259.1	23797	26703565
scaff_group002	JAEPEU010007741.1	23800	26727365
scaff_group002	JAEPEU010007894.1	23802	26751167
scaff_group002	JAEPEU010009935.1	23821	26774988
scaff_group002	JAEPEU010002614.1	23824	26798812
scaff_group002	JAEPEU010000133.1	23836	26822648
scaff_group002	JAEPEU010001645.1	23883	26846531
scaff_group002	JAEPEU010003608.1	23921	26870452
scaff_group002	JAEPEU010009971.1	23928	26894380
scaff_group002	JAEPEU010003193.1	23968	26918348
scaff_group002	JAEPEU010007277.1	23975	26942323
scaff_group002	JAEPEU010000824.1	23983	26966306
scaff_group002	JAEPEU010002172.1	23986	26990292
scaff_group002	JAEPEU010005559.1	23994	27014286
scaff_group002	JAEPEU010006237.1	24036	27038322
scaff_group002	JAEPEU010002856.1	24039	27062361
scaff_group002	JAEPEU010007500.1	24060	27086421
scaff_group002	JAEPEU010000403.1	24086	27110507
scaff_group002	JAEPEU010001756.1	24095	27134602
scaff_group002	JAEPEU010007436.1	24105	27158707
scaff_group002	JAEPEU010000941.1	24111	27182818
scaff_group002	JAEPEU010005144.1	24123	27206941
scaff_group002	JAEPEU010003683.1	24155	27231096
scaff_group002	JAEPEU010009267.1	24230	27255326
scaff_group002	JAEPEU010007670.1	24247	27279573
scaff_group002	JAEPEU010008376.1	24250	27303823
scaff_group002	JAEPEU010008500.1	24297	27328120
scaff_group002	JAEPEU010009027.1	24337	27352457
scaff_group002	JAEPEU010002532.1	24381	27376838
scaff_group002	JAEPEU010006686.1	24476	27401314
scaff_group002	JAEPEU010006916.1	24481	27425795
scaff_group002	JAEPEU010007934.1	24536	27450331
scaff_group002	JAEPEU010008103.1	24552	27474883
scaff_group002	JAEPEU010002436.1	24561	27499444
scaff_group002	JAEPEU010002125.1	24565	27524009
scaff_group002	JAEPEU010007546.1	24586	27548595
scaff_group002	JAEPEU010005220.1	24594	27573189
scaff_group002	JAEPEU010008278.1	24655	27597844
scaff_group002	JAEPEU010008373.1	24655	27622499
scaff_group002	JAEPEU010007732.1	24707	27647206
scaff_group002	JAEPEU010008250.1	24708	27671914
scaff_group002	JAEPEU010002459.1	24709	27696623
scaff_group002	JAEPEU010000985.1	24729	27721352
scaff_group002	JAEPEU010004358.1	24763	27746115
scaff_group002	JAEPEU010002280.1	24784	27770899
scaff_group002	JAEPEU010001435.1	24791	27795690
scaff_group002	JAEPEU010001540.1	24804	27820494
scaff_group002	JAEPEU010006134.1	24806	27845300
scaff_group002	JAEPEU010009043.1	24823	27870123
scaff_group002	JAEPEU010007153.1	24875	27894998
scaff_group002	JAEPEU010007738.1	24878	27919876
scaff_group002	JAEPEU010007576.1	24922	27944798
scaff_group002	JAEPEU010004819.1	24991	27969789
scaff_group002	JAEPEU010008464.1	25043	27994832
scaff_group002	JAEPEU010004626.1	25115	28019947
scaff_group002	JAEPEU010008626.1	25198	28045145
scaff_group002	JAEPEU010005306.1	25237	28070382
scaff_group002	JAEPEU010007978.1	25244	28095626
scaff_group002	JAEPEU010009165.1	25282	28120908
scaff_group002	JAEPEU010001100.1	25290	28146198
scaff_group002	JAEPEU010005651.1	25339	28171537
scaff_group002	JAEPEU010001089.1	25371	28196908
scaff_group002	JAEPEU010005351.1	25409	28222317
scaff_group002	JAEPEU010001741.1	25455	28247772
scaff_group002	JAEPEU010001290.1	25456	28273228
scaff_group002	JAEPEU010005850.1	25496	28298724
scaff_group002	JAEPEU010004852.1	25506	28324230
scaff_group002	JAEPEU010009894.1	25532	28349762
scaff_group002	JAEPEU010008438.1	25540	28375302
scaff_group002	JAEPEU010004389.1	25547	28400849
scaff_group002	JAEPEU010003070.1	25562	28426411
scaff_group002	JAEPEU010003677.1	25599	28452010
scaff_group002	JAEPEU010005246.1	25609	28477619
scaff_group002	JAEPEU010004414.1	25618	28503237
scaff_group002	JAEPEU010009293.1	25633	28528870
scaff_group002	JAEPEU010004492.1	25677	28554547
scaff_group002	JAEPEU010006864.1	25740	28580287
scaff_group002	JAEPEU010000863.1	25773	28606060
scaff_group002	JAEPEU010002082.1	25787	28631847
scaff_group002	JAEPEU010002370.1	25812	28657659
scaff_group002	JAEPEU010000714.1	25812	28683471
scaff_group002	JAEPEU010002403.1	25926	28709397
scaff_group002	JAEPEU010000281.1	25928	28735325
scaff_group002	JAEPEU010006365.1	25970	28761295
scaff_group002	JAEPEU010006644.1	26007	28787302
scaff_group002	JAEPEU010001536.1	26021	28813323
scaff_group002	JAEPEU010000745.1	26038	28839361
scaff_group002	JAEPEU010008978.1	26050	28865411
scaff_group002	JAEPEU010005692.1	26060	28891471
scaff_group002	JAEPEU010008820.1	26071	28917542
scaff_group002	JAEPEU010008190.1	26077	28943619
scaff_group002	JAEPEU010004593.1	26082	28969701
scaff_group002	JAEPEU010000535.1	26105	28995806
scaff_group002	JAEPEU010009929.1	26127	29021933
scaff_group002	JAEPEU010003055.1	26135	29048068
scaff_group002	JAEPEU010007808.1	26145	29074213
scaff_group002	JAEPEU010006036.1	26149	29100362
scaff_group002	JAEPEU010001254.1	26164	29126526
scaff_group002	JAEPEU010004256.1	26174	29152700
scaff_group002	JAEPEU010007051.1	26201	29178901
scaff_group002	JAEPEU010004156.1	26206	29205107
scaff_group002	JAEPEU010008496.1	26217	29231324
scaff_group002	JAEPEU010004093.1	26230	29257554
scaff_group002	JAEPEU010000969.1	26236	29283790
scaff_group002	JAEPEU010006154.1	26240	29310030
scaff_group002	JAEPEU010002247.1	26244	29336274
scaff_group002	JAEPEU010007830.1	26248	29362522
scaff_group002	JAEPEU010002055.1	26302	29388824
scaff_group002	JAEPEU010006780.1	26483	29415307
scaff_group002	JAEPEU010005387.1	26572	29441879
scaff_group002	JAEPEU010007581.1	26595	29468474
scaff_group002	JAEPEU010008952.1	26616	29495090
scaff_group002	JAEPEU010002730.1	26634	29521724
scaff_group002	JAEPEU010007145.1	26648	29548372
scaff_group002	JAEPEU010007380.1	26677	29575049
scaff_group002	JAEPEU010001387.1	26683	29601732
scaff_group002	JAEPEU010007935.1	26767	29628499
scaff_group002	JAEPEU010001081.1	26775	29655274
scaff_group002	JAEPEU010008603.1	26778	29682052
scaff_group002	JAEPEU010008329.1	26782	29708834
scaff_group002	JAEPEU010004836.1	26864	29735698
scaff_group002	JAEPEU010008740.1	26873	29762571
scaff_group002	JAEPEU010000254.1	26887	29789458
scaff_group002	JAEPEU010000702.1	26890	29816348
scaff_group002	JAEPEU010006229.1	26945	29843293
scaff_group002	JAEPEU010007255.1	26974	29870267
scaff_group002	JAEPEU010003232.1	27025	29897292
scaff_group002	JAEPEU010000070.1	27031	29924323
scaff_group002	JAEPEU010000318.1	27138	29951461
scaff_group002	JAEPEU010008880.1	27143	29978604
scaff_group002	JAEPEU010001893.1	27169	30005773
scaff_group002	JAEPEU010001572.1	27189	30032962
scaff_group002	JAEPEU010003746.1	27207	30060169
scaff_group002	JAEPEU010003114.1	27208	30087377
scaff_group002	JAEPEU010006412.1	27231	30114608
scaff_group002	JAEPEU010009225.1	27232	30141840
scaff_group002	JAEPEU010006773.1	27271	30169111
scaff_group002	JAEPEU010003947.1	27337	30196448
scaff_group002	JAEPEU010004121.1	27356	30223804
scaff_group002	JAEPEU010009162.1	27358	30251162
scaff_group002	JAEPEU010003062.1	27376	30278538
scaff_group002	JAEPEU010005476.1	27393	30305931
scaff_group002	JAEPEU010007111.1	27459	30333390
scaff_group002	JAEPEU010002226.1	27468	30360858
scaff_group002	JAEPEU010009613.1	27545	30388403
scaff_group002	JAEPEU010007852.1	27567	30415970
scaff_group002	JAEPEU010007510.1	27571	30443541
scaff_group002	JAEPEU010008222.1	27575	30471116
scaff_group002	JAEPEU010007663.1	27584	30498700
scaff_group002	JAEPEU010004894.1	27585	30526285
scaff_group002	JAEPEU010006627.1	27619	30553904
scaff_group002	JAEPEU010009514.1	27814	30581718
scaff_group002	JAEPEU010001211.1	27847	30609565
scaff_group002	JAEPEU010002394.1	27938	30637503
scaff_group002	JAEPEU010004590.1	27940	30665443
scaff_group002	JAEPEU010000143.1	27941	30693384
scaff_group002	JAEPEU010008294.1	27942	30721326
scaff_group002	JAEPEU010005866.1	27971	30749297
scaff_group002	JAEPEU010008630.1	28022	30777319
scaff_group002	JAEPEU010001015.1	28037	30805356
scaff_group002	JAEPEU010005051.1	28041	30833397
scaff_group002	JAEPEU010002974.1	28042	30861439
scaff_group002	JAEPEU010007176.1	28146	30889585
scaff_group002	JAEPEU010005024.1	28181	30917766
scaff_group002	JAEPEU010007230.1	28188	30945954
scaff_group002	JAEPEU010004793.1	28195	30974149
scaff_group002	JAEPEU010000717.1	28197	31002346
scaff_group002	JAEPEU010008614.1	28226	31030572
scaff_group002	JAEPEU010003258.1	28339	31058911
scaff_group002	JAEPEU010000207.1	28349	31087260
scaff_group002	JAEPEU010002405.1	28403	31115663
scaff_group002	JAEPEU010009783.1	28417	31144080
scaff_group002	JAEPEU010003256.1	28422	31172502
scaff_group002	JAEPEU010000162.1	28424	31200926
scaff_group002	JAEPEU010004134.1	28558	31229484
scaff_group002	JAEPEU010004056.1	28600	31258084
scaff_group002	JAEPEU010006701.1	28608	31286692
scaff_group002	JAEPEU010004086.1	28647	31315339
scaff_group002	JAEPEU010005385.1	28676	31344015
scaff_group002	JAEPEU010000437.1	28756	31372771
scaff_group002	JAEPEU010004592.1	28781	31401552
scaff_group002	JAEPEU010004951.1	28784	31430336
scaff_group002	JAEPEU010008757.1	28836	31459172
scaff_group002	JAEPEU010006577.1	28836	31488008
scaff_group002	JAEPEU010000328.1	28870	31516878
scaff_group002	JAEPEU010002250.1	28887	31545765
scaff_group002	JAEPEU010009957.1	28949	31574714
scaff_group002	JAEPEU010003100.1	29094	31603808
scaff_group002	JAEPEU010008200.1	29122	31632930
scaff_group002	JAEPEU010009815.1	29127	31662057
scaff_group002	JAEPEU010000629.1	29134	31691191
scaff_group002	JAEPEU010001158.1	29152	31720343
scaff_group002	JAEPEU010004534.1	29161	31749504
scaff_group002	JAEPEU010004051.1	29166	31778670
scaff_group002	JAEPEU010003290.1	29182	31807852
scaff_group002	JAEPEU010001218.1	29187	31837039
scaff_group002	JAEPEU010007931.1	29189	31866228
scaff_group002	JAEPEU010009094.1	29238	31895466
scaff_group002	JAEPEU010003713.1	29278	31924744
scaff_group002	JAEPEU010007958.1	29310	31954054
scaff_group002	JAEPEU010005425.1	29313	31983367
scaff_group002	JAEPEU010002246.1	29330	32012697
scaff_group002	JAEPEU010008455.1	29331	32042028
scaff_group002	JAEPEU010009097.1	29334	32071362
scaff_group002	JAEPEU010000578.1	29335	32100697
scaff_group002	JAEPEU010006869.1	29356	32130053
scaff_group002	JAEPEU010001849.1	29387	32159440
scaff_group002	JAEPEU010001544.1	29414	32188854
scaff_group002	JAEPEU010004980.1	29468	32218322
scaff_group002	JAEPEU010006016.1	29517	32247839
scaff_group002	JAEPEU010000678.1	29583	32277422
scaff_group002	JAEPEU010007841.1	29653	32307075
scaff_group002	JAEPEU010005362.1	29685	32336760
scaff_group002	JAEPEU010001954.1	29720	32366480
scaff_group002	JAEPEU010000937.1	29736	32396216
scaff_group002	JAEPEU010008033.1	29780	32425996
scaff_group002	JAEPEU010008177.1	29806	32455802
scaff_group002	JAEPEU010008330.1	29826	32485628
scaff_group002	JAEPEU010008830.1	29899	32515527
scaff_group002	JAEPEU010000528.1	29907	32545434
scaff_group002	JAEPEU010004257.1	30004	32575438
scaff_group002	JAEPEU010000077.1	30015	32605453
scaff_group002	JAEPEU010003111.1	30024	32635477
scaff_group002	JAEPEU010009033.1	30051	32665528
scaff_group002	JAEPEU010004229.1	30109	32695637
scaff_group002	JAEPEU010001314.1	30116	32725753
scaff_group002	JAEPEU010006996.1	30121	32755874
scaff_group002	JAEPEU010008473.1	30127	32786001
scaff_group002	JAEPEU010006718.1	30143	32816144
scaff_group002	JAEPEU010005294.1	30203	32846347
scaff_group002	JAEPEU010003482.1	30209	32876556
scaff_group002	JAEPEU010002461.1	30259	32906815
scaff_group002	JAEPEU010008690.1	30262	32937077
scaff_group002	JAEPEU010006240.1	30286	32967363
scaff_group002	JAEPEU010004135.1	30322	32997685
scaff_group002	JAEPEU010007583.1	30327	33028012
scaff_group002	JAEPEU010004361.1	30398	33058410
scaff_group002	JAEPEU010006479.1	30477	33088887
scaff_group002	JAEPEU010007272.1	30484	33119371
scaff_group002	JAEPEU010007121.1	30502	33149873
scaff_group002	JAEPEU010006127.1	30505	33180378
scaff_group002	JAEPEU010009438.1	30566	33210944
scaff_group002	JAEPEU010003216.1	30580	33241524
scaff_group002	JAEPEU010007531.1	30661	33272185
scaff_group002	JAEPEU010007131.1	30735	33302920
scaff_group002	JAEPEU010002433.1	30785	33333705
scaff_group002	JAEPEU010005224.1	30785	33364490
scaff_group002	JAEPEU010006177.1	30813	33395303
scaff_group002	JAEPEU010009927.1	30827	33426130
scaff_group002	JAEPEU010005087.1	30841	33456971
scaff_group002	JAEPEU010000695.1	30872	33487843
scaff_group002	JAEPEU010007862.1	30910	33518753
scaff_group002	JAEPEU010003485.1	30972	33549725
scaff_group002	JAEPEU010009230.1	30987	33580712
scaff_group002	JAEPEU010006074.1	31054	33611766
scaff_group002	JAEPEU010001007.1	31079	33642845
scaff_group002	JAEPEU010001900.1	31309	33674154
scaff_group002	JAEPEU010009428.1	31313	33705467
scaff_group002	JAEPEU010008799.1	31327	33736794
scaff_group002	JAEPEU010009016.1	31389	33768183
scaff_group002	JAEPEU010007770.1	31438	33799621
scaff_group002	JAEPEU010007377.1	31538	33831159
scaff_group002	JAEPEU010007618.1	31569	33862728
scaff_group002	JAEPEU010001458.1	31621	33894349
scaff_group002	JAEPEU010003822.1	31674	33926023
scaff_group002	JAEPEU010005922.1	31727	33957750
scaff_group002	JAEPEU010008589.1	31759	33989509
scaff_group002	JAEPEU010005498.1	31792	34021301
scaff_group002	JAEPEU010008821.1	31805	34053106
scaff_group002	JAEPEU010009012.1	31813	34084919
scaff_group002	JAEPEU010006950.1	31841	34116760
scaff_group002	JAEPEU010006561.1	31847	34148607
scaff_group002	JAEPEU010007086.1	31849	34180456
scaff_group002	JAEPEU010001008.1	31852	34212308
scaff_group002	JAEPEU010006779.1	31872	34244180
scaff_group002	JAEPEU010003965.1	31873	34276053
scaff_group002	JAEPEU010001915.1	31914	34307967
scaff_group002	JAEPEU010001871.1	31934	34339901
scaff_group002	JAEPEU010001071.1	31972	34371873
scaff_group002	JAEPEU010005244.1	31992	34403865
scaff_group002	JAEPEU010004046.1	32012	34435877
scaff_group002	JAEPEU010007438.1	32028	34467905
scaff_group002	JAEPEU010000922.1	32142	34500047
scaff_group002	JAEPEU010004623.1	32197	34532244
scaff_group002	JAEPEU010001765.1	32210	34564454
scaff_group002	JAEPEU010006401.1	32220	34596674
scaff_group002	JAEPEU010007048.1	32259	34628933
scaff_group002	JAEPEU010004495.1	32360	34661293
scaff_group002	JAEPEU010005568.1	32360	34693653
scaff_group002	JAEPEU010007370.1	32372	34726025
scaff_group002	JAEPEU010008609.1	32445	34758470
scaff_group002	JAEPEU010005431.1	32447	34790917
scaff_group002	JAEPEU010009821.1	32450	34823367
scaff_group002	JAEPEU010003530.1	32470	34855837
scaff_group002	JAEPEU010006579.1	32507	34888344
scaff_group002	JAEPEU010007857.1	32531	34920875
scaff_group002	JAEPEU010001714.1	32535	34953410
scaff_group002	JAEPEU010001099.1	32572	34985982
scaff_group002	JAEPEU010007650.1	32606	35018588
scaff_group002	JAEPEU010007339.1	32626	35051214
scaff_group002	JAEPEU010005463.1	32653	35083867
scaff_group002	JAEPEU010008829.1	32710	35116577
scaff_group002	JAEPEU010003051.1	32713	35149290
scaff_group002	JAEPEU010003221.1	32728	35182018
scaff_group002	JAEPEU010008209.1	32730	35214748
scaff_group002	JAEPEU010008976.1	32779	35247527
scaff_group002	JAEPEU010004921.1	32798	35280325
scaff_group002	JAEPEU010004849.1	32805	35313130
scaff_group002	JAEPEU010000103.1	32806	35345936
scaff_group002	JAEPEU010001971.1	32809	35378745
scaff_group002	JAEPEU010006954.1	32872	35411617
scaff_group002	JAEPEU010000670.1	32874	35444491
scaff_group002	JAEPEU010003127.1	32894	35477385
scaff_group002	JAEPEU010009250.1	32897	35510282
scaff_group002	JAEPEU010009079.1	32924	35543206
scaff_group002	JAEPEU010000416.1	32935	35576141
scaff_group002	JAEPEU010009099.1	32964	35609105
scaff_group002	JAEPEU010004132.1	33127	35642232
scaff_group002	JAEPEU010005769.1	33152	35675384
scaff_group002	JAEPEU010005575.1	33160	35708544
scaff_group002	JAEPEU010002536.1	33193	35741737
scaff_group002	JAEPEU010006212.1	33205	35774942
scaff_group002	JAEPEU010007859.1	33225	35808167
scaff_group002	JAEPEU010008413.1	33249	35841416
scaff_group002	JAEPEU010007349.1	33296	35874712
scaff_group002	JAEPEU010007661.1	33371	35908083
scaff_group002	JAEPEU010000291.1	33391	35941474
scaff_group002	JAEPEU010000506.1	33462	35974936
scaff_group002	JAEPEU010007445.1	33465	36008401
scaff_group002	JAEPEU010005071.1	33467	36041868
scaff_group002	JAEPEU010008325.1	33473	36075341
scaff_group002	JAEPEU010003415.1	33490	36108831
scaff_group002	JAEPEU010001443.1	33495	36142326
scaff_group002	JAEPEU010007101.1	33504	36175830
scaff_group002	JAEPEU010003098.1	33506	36209336
scaff_group002	JAEPEU010000675.1	33543	36242879
scaff_group002	JAEPEU010008395.1	33548	36276427
scaff_group002	JAEPEU010000079.1	33608	36310035
scaff_group002	JAEPEU010004943.1	33637	36343672
scaff_group002	JAEPEU010000383.1	33639	36377311
scaff_group002	JAEPEU010002006.1	33681	36410992
scaff_group002	JAEPEU010001195.1	33785	36444777
scaff_group002	JAEPEU010007217.1	33864	36478641
scaff_group002	JAEPEU010008227.1	33879	36512520
scaff_group002	JAEPEU010003059.1	33902	36546422
scaff_group002	JAEPEU010000377.1	33941	36580363
scaff_group002	JAEPEU010008809.1	33954	36614317
scaff_group002	JAEPEU010004085.1	33958	36648275
scaff_group002	JAEPEU010007980.1	33974	36682249
scaff_group002	JAEPEU010003971.1	34023	36716272
scaff_group002	JAEPEU010008275.1	34034	36750306
scaff_group002	JAEPEU010004624.1	34073	36784379
scaff_group002	JAEPEU010008036.1	34079	36818458
scaff_group002	JAEPEU010000858.1	34081	36852539
scaff_group002	JAEPEU010002539.1	34118	36886657
scaff_group002	JAEPEU010008925.1	34118	36920775
scaff_group002	JAEPEU010004167.1	34221	36954996
scaff_group002	JAEPEU010004164.1	34222	36989218
scaff_group002	JAEPEU010008836.1	34267	37023485
scaff_group002	JAEPEU010000444.1	34278	37057763
scaff_group002	JAEPEU010002346.1	34279	37092042
scaff_group002	JAEPEU010003154.1	34317	37126359
scaff_group002	JAEPEU010005331.1	34325	37160684
scaff_group002	JAEPEU010007165.1	34386	37195070
scaff_group002	JAEPEU010003172.1	34392	37229462
scaff_group002	JAEPEU010008230.1	34475	37263937
scaff_group002	JAEPEU010002070.1	34499	37298436
scaff_group002	JAEPEU010007060.1	34506	37332942
scaff_group002	JAEPEU010007214.1	34612	37367554
scaff_group002	JAEPEU010004749.1	34633	37402187
scaff_group002	JAEPEU010008992.1	34651	37436838
scaff_group002	JAEPEU010006546.1	34659	37471497
scaff_group002	JAEPEU010008242.1	34778	37506275
scaff_group002	JAEPEU010005189.1	34795	37541070
scaff_group002	JAEPEU010001133.1	34814	37575884
scaff_group002	JAEPEU010004516.1	34823	37610707
scaff_group002	JAEPEU010009465.1	34827	37645534
scaff_group002	JAEPEU010009397.1	34832	37680366
scaff_group002	JAEPEU010006102.1	34869	37715235
scaff_group002	JAEPEU010006096.1	34871	37750106
scaff_group002	JAEPEU010007171.1	34993	37785099
scaff_group002	JAEPEU010009245.1	35025	37820124
scaff_group002	JAEPEU010004879.1	35106	37855230
scaff_group002	JAEPEU010005250.1	35279	37890509
scaff_group002	JAEPEU010006619.1	35280	37925789
scaff_group002	JAEPEU010001411.1	35286	37961075
scaff_group002	JAEPEU010000335.1	35357	37996432
scaff_group002	JAEPEU010002567.1	35375	38031807
scaff_group002	JAEPEU010002272.1	35384	38067191
scaff_group002	JAEPEU010003644.1	35393	38102584
scaff_group002	JAEPEU010009619.1	35400	38137984
scaff_group002	JAEPEU010005634.1	35453	38173437
scaff_group002	JAEPEU010005219.1	35535	38208972
scaff_group002	JAEPEU010003528.1	35550	38244522
scaff_group002	JAEPEU010008042.1	35562	38280084
scaff_group002	JAEPEU010002658.1	35592	38315676
scaff_group002	JAEPEU010008704.1	35598	38351274
scaff_group002	JAEPEU010002455.1	35649	38386923
scaff_group002	JAEPEU010000168.1	35693	38422616
scaff_group002	JAEPEU010009656.1	35711	38458327
scaff_group002	JAEPEU010000517.1	35733	38494060
scaff_group002	JAEPEU010002029.1	35745	38529805
scaff_group002	JAEPEU010009947.1	35758	38565563
scaff_group002	JAEPEU010001786.1	35762	38601325
scaff_group002	JAEPEU010008044.1	35772	38637097
scaff_group002	JAEPEU010000392.1	35779	38672876
scaff_group002	JAEPEU010006925.1	35788	38708664
scaff_group002	JAEPEU010001837.1	35816	38744480
scaff_group002	JAEPEU010007256.1	35844	38780324
scaff_group002	JAEPEU010003125.1	35859	38816183
scaff_group002	JAEPEU010008974.1	35881	38852064
scaff_group002	JAEPEU010000666.1	35999	38888063
scaff_group002	JAEPEU010004869.1	36016	38924079
scaff_group002	JAEPEU010005588.1	36037	38960116
scaff_group002	JAEPEU010009469.1	36076	38996192
scaff_group002	JAEPEU010004689.1	36082	39032274
scaff_group002	JAEPEU010008903.1	36094	39068368
scaff_group002	JAEPEU010008703.1	36123	39104491
scaff_group002	JAEPEU010001087.1	36126	39140617
scaff_group002	JAEPEU010005217.1	36167	39176784
scaff_group002	JAEPEU010000997.1	36191	39212975
scaff_group002	JAEPEU010004494.1	36194	39249169
scaff_group002	JAEPEU010008716.1	36242	39285411
scaff_group002	JAEPEU010007406.1	36296	39321707
scaff_group002	JAEPEU010001842.1	36317	39358024
scaff_group002	JAEPEU010009802.1	36382	39394406
scaff_group002	JAEPEU010002839.1	36494	39430900
scaff_group002	JAEPEU010002309.1	36516	39467416
scaff_group002	JAEPEU010006724.1	36517	39503933
scaff_group002	JAEPEU010000113.1	36572	39540505
scaff_group002	JAEPEU010001608.1	36604	39577109
scaff_group002	JAEPEU010008653.1	36610	39613719
scaff_group002	JAEPEU010004782.1	36706	39650425
scaff_group002	JAEPEU010005532.1	36709	39687134
scaff_group002	JAEPEU010006261.1	36845	39723979
scaff_group002	JAEPEU010005876.1	36935	39760914
scaff_group002	JAEPEU010006711.1	36965	39797879
scaff_group002	JAEPEU010004840.1	37000	39834879
scaff_group002	JAEPEU010002868.1	37019	39871898
scaff_group002	JAEPEU010009129.1	37040	39908938
scaff_group002	JAEPEU010005825.1	37058	39945996
scaff_group002	JAEPEU010001255.1	37073	39983069
scaff_group002	JAEPEU010006812.1	37075	40020144
scaff_group002	JAEPEU010006227.1	37076	40057220
scaff_group002	JAEPEU010003502.1	37104	40094324
scaff_group002	JAEPEU010007589.1	37123	40131447
scaff_group002	JAEPEU010004608.1	37129	40168576
scaff_group002	JAEPEU010003618.1	37135	40205711
scaff_group002	JAEPEU010003383.1	37136	40242847
scaff_group002	JAEPEU010005906.1	37157	40280004
scaff_group002	JAEPEU010000145.1	37205	40317209
scaff_group002	JAEPEU010005157.1	37287	40354496
scaff_group002	JAEPEU010008643.1	37299	40391795
scaff_group002	JAEPEU010003294.1	37324	40429119
scaff_group002	JAEPEU010009259.1	37346	40466465
scaff_group002	JAEPEU010001795.1	37375	40503840
scaff_group002	JAEPEU010004084.1	37394	40541234
scaff_group002	JAEPEU010005170.1	37426	40578660
scaff_group002	JAEPEU010009058.1	37456	40616116
scaff_group002	JAEPEU010000716.1	37506	40653622
scaff_group002	JAEPEU010006492.1	37533	40691155
scaff_group002	JAEPEU010005671.1	37578	40728733
scaff_group002	JAEPEU010007166.1	37648	40766381
scaff_group002	JAEPEU010007575.1	37777	40804158
scaff_group002	JAEPEU010009460.1	37939	40842097
scaff_group002	JAEPEU010002710.1	37945	40880042
scaff_group002	JAEPEU010006303.1	37966	40918008
scaff_group002	JAEPEU010006413.1	38005	40956013
scaff_group002	JAEPEU010003960.1	38010	40994023
scaff_group002	JAEPEU010006543.1	38135	41032158
scaff_group002	JAEPEU010008734.1	38180	41070338
scaff_group002	JAEPEU010002345.1	38194	41108532
scaff_group002	JAEPEU010006184.1	38259	41146791
scaff_group002	JAEPEU010002285.1	38291	41185082
scaff_group002	JAEPEU010004928.1	38366	41223448
scaff_group002	JAEPEU010001225.1	38396	41261844
scaff_group002	JAEPEU010002659.1	38410	41300254
scaff_group002	JAEPEU010002891.1	38493	41338747
scaff_group002	JAEPEU010004564.1	38507	41377254
scaff_group002	JAEPEU010004955.1	38510	41415764
scaff_group002	JAEPEU010001743.1	38540	41454304
scaff_group002	JAEPEU010004003.1	38544	41492848
scaff_group002	JAEPEU010009471.1	38575	41531423
scaff_group002	JAEPEU010004953.1	38601	41570024
scaff_group002	JAEPEU010007634.1	38627	41608651
scaff_group002	JAEPEU010005255.1	38660	41647311
scaff_group002	JAEPEU010008737.1	38748	41686059
scaff_group002	JAEPEU010007693.1	38822	41724881
scaff_group002	JAEPEU010009381.1	38842	41763723
scaff_group002	JAEPEU010001448.1	38844	41802567
scaff_group002	JAEPEU010002292.1	38861	41841428
scaff_group002	JAEPEU010007831.1	38902	41880330
scaff_group002	JAEPEU010007763.1	38922	41919252
scaff_group002	JAEPEU010008326.1	38979	41958231
scaff_group002	JAEPEU010007565.1	39142	41997373
scaff_group002	JAEPEU010009017.1	39168	42036541
scaff_group002	JAEPEU010004977.1	39287	42075828
scaff_group002	JAEPEU010007548.1	39294	42115122
scaff_group002	JAEPEU010006887.1	39299	42154421
scaff_group002	JAEPEU010009131.1	39364	42193785
scaff_group002	JAEPEU010008506.1	39367	42233152
scaff_group002	JAEPEU010000404.1	39403	42272555
scaff_group002	JAEPEU010008079.1	39404	42311959
scaff_group002	JAEPEU010005704.1	39474	42351433
scaff_group002	JAEPEU010000177.1	39489	42390922
scaff_group002	JAEPEU010002075.1	39489	42430411
scaff_group002	JAEPEU010005291.1	39525	42469936
scaff_group002	JAEPEU010001282.1	39525	42509461
scaff_group002	JAEPEU010005004.1	39544	42549005
scaff_group002	JAEPEU010009549.1	39570	42588575
scaff_group002	JAEPEU010005242.1	39599	42628174
scaff_group002	JAEPEU010007946.1	39630	42667804
scaff_group002	JAEPEU010003671.1	39637	42707441
scaff_group002	JAEPEU010009545.1	39638	42747079
scaff_group002	JAEPEU010007478.1	39682	42786761
scaff_group002	JAEPEU010009667.1	39715	42826476
scaff_group002	JAEPEU010006246.1	39738	42866214
scaff_group002	JAEPEU010007787.1	39743	42905957
scaff_group002	JAEPEU010000589.1	39755	42945712
scaff_group002	JAEPEU010005946.1	39764	42985476
scaff_group002	JAEPEU010007605.1	39778	43025254
scaff_group002	JAEPEU010005469.1	39833	43065087
scaff_group002	JAEPEU010007262.1	39855	43104942
scaff_group002	JAEPEU010005611.1	39906	43144848
scaff_group002	JAEPEU010005750.1	39966	43184814
scaff_group002	JAEPEU010000837.1	39984	43224798
scaff_group002	JAEPEU010002457.1	39987	43264785
scaff_group002	JAEPEU010006025.1	40017	43304802
scaff_group002	JAEPEU010007305.1	40041	43344843
scaff_group002	JAEPEU010009120.1	40128	43384971
scaff_group002	JAEPEU010008411.1	40186	43425157
scaff_group002	JAEPEU010004690.1	40192	43465349
scaff_group002	JAEPEU010009860.1	40277	43505626
scaff_group002	JAEPEU010007186.1	40279	43545905
scaff_group002	JAEPEU010007696.1	40296	43586201
scaff_group002	JAEPEU010008780.1	40296	43626497
scaff_group002	JAEPEU010004779.1	40373	43666870
scaff_group002	JAEPEU010000566.1	40403	43707273
scaff_group002	JAEPEU010000624.1	40480	43747753
scaff_group002	JAEPEU010000994.1	40488	43788241
scaff_group002	JAEPEU010009662.1	40491	43828732
scaff_group002	JAEPEU010008723.1	40522	43869254
scaff_group002	JAEPEU010005441.1	40530	43909784
scaff_group002	JAEPEU010009040.1	40565	43950349
scaff_group002	JAEPEU010006520.1	40595	43990944
scaff_group002	JAEPEU010007555.1	40669	44031613
scaff_group002	JAEPEU010006768.1	40682	44072295
scaff_group002	JAEPEU010002056.1	40686	44112981
scaff_group002	JAEPEU010007615.1	40687	44153668
scaff_group002	JAEPEU010007365.1	40708	44194376
scaff_group002	JAEPEU010005369.1	40713	44235089
scaff_group002	JAEPEU010003972.1	40716	44275805
scaff_group002	JAEPEU010009143.1	40721	44316526
scaff_group002	JAEPEU010009680.1	40748	44357274
scaff_group002	JAEPEU010004043.1	40758	44398032
scaff_group002	JAEPEU010002642.1	40772	44438804
scaff_group002	JAEPEU010007716.1	40810	44479614
scaff_group002	JAEPEU010003366.1	40838	44520452
scaff_group002	JAEPEU010008196.1	40870	44561322
scaff_group002	JAEPEU010008452.1	40881	44602203
scaff_group002	JAEPEU010003591.1	40927	44643130
scaff_group002	JAEPEU010002724.1	40987	44684117
scaff_group002	JAEPEU010005697.1	41126	44725243
scaff_group002	JAEPEU010003073.1	41151	44766394
scaff_group002	JAEPEU010002322.1	41246	44807640
scaff_group002	JAEPEU010001958.1	41493	44849133
scaff_group002	JAEPEU010007559.1	41579	44890712
scaff_group002	JAEPEU010002094.1	41660	44932372
scaff_group002	JAEPEU010005155.1	41815	44974187
scaff_group002	JAEPEU010002050.1	41892	45016079
scaff_group002	JAEPEU010009960.1	41904	45057983
scaff_group002	JAEPEU010008915.1	41912	45099895
scaff_group002	JAEPEU010001766.1	41923	45141818
scaff_group002	JAEPEU010003131.1	41944	45183762
scaff_group002	JAEPEU010007983.1	41949	45225711
scaff_group002	JAEPEU010007786.1	41953	45267664
scaff_group002	JAEPEU010001895.1	41963	45309627
scaff_group002	JAEPEU010008357.1	41972	45351599
scaff_group002	JAEPEU010008983.1	42012	45393611
scaff_group002	JAEPEU010005749.1	42058	45435669
scaff_group002	JAEPEU010003206.1	42080	45477749
scaff_group002	JAEPEU010009912.1	42098	45519847
scaff_group002	JAEPEU010007924.1	42166	45562013
scaff_group002	JAEPEU010008167.1	42191	45604204
scaff_group002	JAEPEU010005445.1	42218	45646422
scaff_group002	JAEPEU010009597.1	42338	45688760
scaff_group002	JAEPEU010003887.1	42338	45731098
scaff_group002	JAEPEU010001459.1	42396	45773494
scaff_group002	JAEPEU010000612.1	42405	45815899
scaff_group002	JAEPEU010007541.1	42477	45858376
scaff_group002	JAEPEU010006589.1	42486	45900862
scaff_group002	JAEPEU010005002.1	42492	45943354
scaff_group002	JAEPEU010000104.1	42556	45985910
scaff_group002	JAEPEU010008114.1	42610	46028520
scaff_group002	JAEPEU010008133.1	42622	46071142
scaff_group002	JAEPEU010001143.1	42647	46113789
scaff_group002	JAEPEU010006604.1	42689	46156478
scaff_group002	JAEPEU010006565.1	42690	46199168
scaff_group002	JAEPEU010008580.1	42718	46241886
scaff_group002	JAEPEU010001996.1	42735	46284621
scaff_group002	JAEPEU010004740.1	42778	46327399
scaff_group002	JAEPEU010008423.1	42779	46370178
scaff_group002	JAEPEU010005449.1	42820	46412998
scaff_group002	JAEPEU010000671.1	42822	46455820
scaff_group002	JAEPEU010008802.1	42847	46498667
scaff_group002	JAEPEU010004959.1	42864	46541531
scaff_group002	JAEPEU010005824.1	42877	46584408
scaff_group002	JAEPEU010005907.1	42896	46627304
scaff_group002	JAEPEU010000484.1	42903	46670207
scaff_group003	JAEPEU010000823.1	42921	46713128
scaff_group003	JAEPEU010009841.1	42922	46756050
scaff_group003	JAEPEU010004547.1	42928	46798978
scaff_group003	JAEPEU010006905.1	42994	46841972
scaff_group003	JAEPEU010008359.1	43043	46885015
scaff_group003	JAEPEU010009082.1	43064	46928079
scaff_group003	JAEPEU010001285.1	43112	46971191
scaff_group003	JAEPEU010007848.1	43194	47014385
scaff_group003	JAEPEU010006124.1	43196	47057581
scaff_group003	JAEPEU010001541.1	43207	47100788
scaff_group003	JAEPEU010003187.1	43245	47144033
scaff_group003	JAEPEU010000423.1	43280	47187313
scaff_group003	JAEPEU010004521.1	43316	47230629
scaff_group003	JAEPEU010005290.1	43348	47273977
scaff_group003	JAEPEU010002017.1	43372	47317349
scaff_group003	JAEPEU010002269.1	43466	47360815
scaff_group003	JAEPEU010007564.1	43514	47404329
scaff_group003	JAEPEU010008771.1	43524	47447853
scaff_group003	JAEPEU010005298.1	43526	47491379
scaff_group003	JAEPEU010000449.1	43539	47534918
scaff_group003	JAEPEU010008898.1	43547	47578465
scaff_group003	JAEPEU010008949.1	43596	47622061
scaff_group003	JAEPEU010003990.1	43598	47665659
scaff_group003	JAEPEU010008311.1	43619	47709278
scaff_group003	JAEPEU010008912.1	43620	47752898
scaff_group003	JAEPEU010006110.1	43671	47796569
scaff_group003	JAEPEU010008216.1	43701	47840270
scaff_group003	JAEPEU010008749.1	43711	47883981
scaff_group003	JAEPEU010008883.1	43723	47927704
scaff_group003	JAEPEU010006881.1	43726	47971430
scaff_group003	JAEPEU010002713.1	43730	48015160
scaff_group003	JAEPEU010007640.1	43767	48058927
scaff_group003	JAEPEU010005408.1	43786	48102713
scaff_group003	JAEPEU010001392.1	43795	48146508
scaff_group003	JAEPEU010000059.1	43798	48190306
scaff_group003	JAEPEU010003558.1	43835	48234141
scaff_group003	JAEPEU010005904.1	43836	48277977
scaff_group003	JAEPEU010009111.1	44020	48321997
scaff_group003	JAEPEU010009949.1	44022	48366019
scaff_group003	JAEPEU010000901.1	44025	48410044
scaff_group003	JAEPEU010003279.1	44031	48454075
scaff_group003	JAEPEU010004496.1	44032	48498107
scaff_group003	JAEPEU010008358.1	44098	48542205
scaff_group003	JAEPEU010004808.1	44130	48586335
scaff_group003	JAEPEU010005522.1	44132	48630467
scaff_group003	JAEPEU010009952.1	44135	48674602
scaff_group003	JAEPEU010003826.1	44153	48718755
scaff_group003	JAEPEU010001737.1	44160	48762915
scaff_group003	JAEPEU010002758.1	44176	48807091
scaff_group003	JAEPEU010006094.1	44275	48851366
scaff_group003	JAEPEU010001017.1	44320	48895686
scaff_group003	JAEPEU010001170.1	44403	48940089
scaff_group003	JAEPEU010000727.1	44444	48984533
scaff_group003	JAEPEU010008508.1	44529	49029062
scaff_group003	JAEPEU010005798.1	44631	49073693
scaff_group003	JAEPEU010008627.1	44703	49118396
scaff_group003	JAEPEU010003727.1	44771	49163167
scaff_group003	JAEPEU010007979.1	44813	49207980
scaff_group003	JAEPEU010001692.1	44827	49252807
scaff_group003	JAEPEU010003384.1	44843	49297650
scaff_group003	JAEPEU010009264.1	44874	49342524
scaff_group003	JAEPEU010009272.1	44897	49387421
scaff_group003	JAEPEU010002366.1	45019	49432440
scaff_group003	JAEPEU010000448.1	45033	49477473
scaff_group003	JAEPEU010006023.1	45127	49522600
scaff_group003	JAEPEU010007228.1	45175	49567775
scaff_group003	JAEPEU010007289.1	45178	49612953
scaff_group003	JAEPEU010008551.1	45218	49658171
scaff_group003	JAEPEU010009550.1	45302	49703473
scaff_group003	JAEPEU010000149.1	45356	49748829
scaff_group003	JAEPEU010005956.1	45423	49794252
scaff_group003	JAEPEU010003564.1	45426	49839678
scaff_group003	JAEPEU010005782.1	45441	49885119
scaff_group003	JAEPEU010006336.1	45459	49930578
scaff_group003	JAEPEU010002528.1	45479	49976057
scaff_group003	JAEPEU010007093.1	45520	50021577
scaff_group003	JAEPEU010006000.1	45521	50067098
scaff_group003	JAEPEU010006493.1	45537	50112635
scaff_group003	JAEPEU010008166.1	45575	50158210
scaff_group003	JAEPEU010002507.1	45590	50203800
scaff_group003	JAEPEU010006967.1	45610	50249410
scaff_group003	JAEPEU010006223.1	45682	50295092
scaff_group003	JAEPEU010004177.1	45719	50340811
scaff_group003	JAEPEU010009255.1	45769	50386580
scaff_group003	JAEPEU010008322.1	45777	50432357
scaff_group003	JAEPEU010007818.1	45817	50478174
scaff_group003	JAEPEU010008572.1	45918	50524092
scaff_group003	JAEPEU010008218.1	46113	50570205
scaff_group003	JAEPEU010008673.1	46192	50616397
scaff_group003	JAEPEU010006009.1	46196	50662593
scaff_group003	JAEPEU010004553.1	46202	50708795
scaff_group003	JAEPEU010005357.1	46278	50755073
scaff_group003	JAEPEU010000121.1	46319	50801392
scaff_group003	JAEPEU010008993.1	46358	50847750
scaff_group003	JAEPEU010001084.1	46380	50894130
scaff_group003	JAEPEU010002596.1	46393	50940523
scaff_group003	JAEPEU010003329.1	46451	50986974
scaff_group003	JAEPEU010002268.1	46453	51033427
scaff_group003	JAEPEU010005859.1	46477	51079904
scaff_group003	JAEPEU010006709.1	46497	51126401
scaff_group003	JAEPEU010004839.1	46516	51172917
scaff_group003	JAEPEU010002773.1	46521	51219438
scaff_group003	JAEPEU010006535.1	46577	51266015
scaff_group003	JAEPEU010000878.1	46632	51312647
scaff_group003	JAEPEU010008648.1	46786	51359433
scaff_group003	JAEPEU010006647.1	46809	51406242
scaff_group003	JAEPEU010005124.1	46868	51453110
scaff_group003	JAEPEU010000549.1	46876	51499986
scaff_group003	JAEPEU010004147.1	46934	51546920
scaff_group003	JAEPEU010000269.1	46963	51593883
scaff_group003	JAEPEU010005938.1	47080	51640963
scaff_group003	JAEPEU010001651.1	47102	51688065
scaff_group003	JAEPEU010003890.1	47190	51735255
scaff_group003	JAEPEU010005462.1	47191	51782446
scaff_group003	JAEPEU010005363.1	47228	51829674
scaff_group003	JAEPEU010008596.1	47406	51877080
scaff_group003	JAEPEU010002486.1	47410	51924490
scaff_group003	JAEPEU010002718.1	47521	51972011
scaff_group003	JAEPEU010004533.1	47543	52019554
scaff_group003	JAEPEU010003858.1	47651	52067205
scaff_group003	JAEPEU010007099.1	47670	52114875
scaff_group003	JAEPEU010007291.1	47679	52162554
scaff_group003	JAEPEU010006569.1	47698	52210252
scaff_group003	JAEPEU010003105.1	47700	52257952
scaff_group003	JAEPEU010008618.1	47757	52305709
scaff_group003	JAEPEU010006635.1	47802	52353511
scaff_group003	JAEPEU010006938.1	47827	52401338
scaff_group003	JAEPEU010000083.1	47860	52449198
scaff_group003	JAEPEU010005674.1	47881	52497079
scaff_group003	JAEPEU010002665.1	47899	52544978
scaff_group003	JAEPEU010008811.1	47963	52592941
scaff_group003	JAEPEU010001076.1	48066	52641007
scaff_group003	JAEPEU010000310.1	48074	52689081
scaff_group003	JAEPEU010001652.1	48111	52737192
scaff_group003	JAEPEU010003412.1	48165	52785357
scaff_group003	JAEPEU010000306.1	48170	52833527
scaff_group003	JAEPEU010005413.1	48389	52881916
scaff_group003	JAEPEU010004878.1	48462	52930378
scaff_group003	JAEPEU010008331.1	48466	52978844
scaff_group003	JAEPEU010007320.1	48599	53027443
scaff_group003	JAEPEU010008205.1	48626	53076069
scaff_group003	JAEPEU010006252.1	48690	53124759
scaff_group003	JAEPEU010004668.1	48744	53173503
scaff_group003	JAEPEU010009937.1	48803	53222306
scaff_group003	JAEPEU010001500.1	48888	53271194
scaff_group003	JAEPEU010005932.1	48919	53320113
scaff_group003	JAEPEU010003882.1	48984	53369097
scaff_group003	JAEPEU010001728.1	48987	53418084
scaff_group003	JAEPEU010005717.1	49074	53467158
scaff_group003	JAEPEU010009836.1	49228	53516386
scaff_group003	JAEPEU010005975.1	49261	53565647
scaff_group003	JAEPEU010007326.1	49275	53614922
scaff_group003	JAEPEU010006203.1	49288	53664210
scaff_group003	JAEPEU010009284.1	49346	53713556
scaff_group003	JAEPEU010007178.1	49357	53762913
scaff_group003	JAEPEU010000174.1	49373	53812286
scaff_group003	JAEPEU010009047.1	49413	53861699
scaff_group003	JAEPEU010006893.1	49417	53911116
scaff_group003	JAEPEU010005151.1	49433	53960549
scaff_group003	JAEPEU010007193.1	49434	54009983
scaff_group003	JAEPEU010004610.1	49445	54059428
scaff_group003	JAEPEU010008646.1	49463	54108891
scaff_group003	JAEPEU010007043.1	49502	54158393
scaff_group003	JAEPEU010008316.1	49536	54207929
scaff_group003	JAEPEU010005070.1	49606	54257535
scaff_group003	JAEPEU010001638.1	49624	54307159
scaff_group003	JAEPEU010001347.1	49665	54356824
scaff_group003	JAEPEU010005241.1	49668	54406492
scaff_group003	JAEPEU010006407.1	49720	54456212
scaff_group003	JAEPEU010008845.1	49799	54506011
scaff_group003	JAEPEU010007184.1	49836	54555847
scaff_group003	JAEPEU010001965.1	49840	54605687
scaff_group003	JAEPEU010003913.1	49841	54655528
scaff_group003	JAEPEU010005161.1	49856	54705384
scaff_group003	JAEPEU010004541.1	49934	54755318
scaff_group003	JAEPEU010002879.1	50036	54805354
scaff_group003	JAEPEU010001850.1	50084	54855438
scaff_group003	JAEPEU010005283.1	50141	54905579
scaff_group003	JAEPEU010005204.1	50155	54955734
scaff_group003	JAEPEU010000260.1	50180	55005914
scaff_group003	JAEPEU010008384.1	50202	55056116
scaff_group003	JAEPEU010002613.1	50231	55106347
scaff_group003	JAEPEU010009354.1	50235	55156582
scaff_group003	JAEPEU010000968.1	50252	55206834
scaff_group003	JAEPEU010007054.1	50266	55257100
scaff_group003	JAEPEU010007940.1	50334	55307434
scaff_group003	JAEPEU010001144.1	50346	55357780
scaff_group003	JAEPEU010000835.1	50431	55408211
scaff_group003	JAEPEU010008091.1	50453	55458664
scaff_group003	JAEPEU010007833.1	50497	55509161
scaff_group003	JAEPEU010000740.1	50548	55559709
scaff_group003	JAEPEU010007814.1	50607	55610316
scaff_group003	JAEPEU010008112.1	50609	55660925
scaff_group003	JAEPEU010009598.1	50616	55711541
scaff_group003	JAEPEU010006962.1	50688	55762229
scaff_group003	JAEPEU010001945.1	50727	55812956
scaff_group003	JAEPEU010006168.1	50761	55863717
scaff_group003	JAEPEU010006324.1	50770	55914487
scaff_group003	JAEPEU010006653.1	50807	55965294
scaff_group003	JAEPEU010004585.1	50809	56016103
scaff_group003	JAEPEU010009512.1	50915	56067018
scaff_group003	JAEPEU010006533.1	50936	56117954
scaff_group003	JAEPEU010008138.1	51004	56168958
scaff_group003	JAEPEU010007470.1	51040	56219998
scaff_group003	JAEPEU010005986.1	51044	56271042
scaff_group003	JAEPEU010009684.1	51100	56322142
scaff_group003	JAEPEU010002084.1	51113	56373255
scaff_group003	JAEPEU010004926.1	51138	56424393
scaff_group003	JAEPEU010006882.1	51233	56475626
scaff_group003	JAEPEU010009666.1	51241	56526867
scaff_group003	JAEPEU010007240.1	51305	56578172
scaff_group003	JAEPEU010009145.1	51327	56629499
scaff_group003	JAEPEU010007407.1	51361	56680860
scaff_group003	JAEPEU010006005.1	51452	56732312
scaff_group003	JAEPEU010009964.1	51477	56783789
scaff_group003	JAEPEU010009132.1	51531	56835320
scaff_group003	JAEPEU010004140.1	51747	56887067
scaff_group003	JAEPEU010000978.1	51790	56938857
scaff_group003	JAEPEU010009548.1	51826	56990683
scaff_group003	JAEPEU010005350.1	51883	57042566
scaff_group003	JAEPEU010005252.1	51940	57094506
scaff_group003	JAEPEU010004777.1	51941	57146447
scaff_group003	JAEPEU010002564.1	51951	57198398
scaff_group003	JAEPEU010005233.1	52000	57250398
scaff_group003	JAEPEU010008490.1	52001	57302399
scaff_group003	JAEPEU010004708.1	52064	57354463
scaff_group003	JAEPEU010008176.1	52143	57406606
scaff_group003	JAEPEU010000365.1	52173	57458779
scaff_group003	JAEPEU010006121.1	52213	57510992
scaff_group003	JAEPEU010003517.1	52310	57563302
scaff_group003	JAEPEU010006608.1	52382	57615684
scaff_group003	JAEPEU010006792.1	52415	57668099
scaff_group003	JAEPEU010001928.1	52476	57720575
scaff_group003	JAEPEU010007611.1	52501	57773076
scaff_group003	JAEPEU010000846.1	52527	57825603
scaff_group003	JAEPEU010004683.1	52539	57878142
scaff_group003	JAEPEU010002768.1	52562	57930704
scaff_group003	JAEPEU010000139.1	52564	57983268
scaff_group003	JAEPEU010005069.1	52603	58035871
scaff_group003	JAEPEU010006376.1	52657	58088528
scaff_group003	JAEPEU010009008.1	52702	58141230
scaff_group003	JAEPEU010007701.1	52733	58193963
scaff_group003	JAEPEU010003582.1	52746	58246709
scaff_group003	JAEPEU010000433.1	52755	58299464
scaff_group003	JAEPEU010001446.1	52825	58352289
scaff_group003	JAEPEU010006601.1	52830	58405119
scaff_group003	JAEPEU010003328.1	53017	58458136
scaff_group003	JAEPEU010005823.1	53056	58511192
scaff_group003	JAEPEU010006829.1	53078	58564270
scaff_group003	JAEPEU010000534.1	53089	58617359
scaff_group003	JAEPEU010008254.1	53105	58670464
scaff_group003	JAEPEU010006728.1	53195	58723659
scaff_group003	JAEPEU010009155.1	53240	58776899
scaff_group003	JAEPEU010002871.1	53245	58830144
scaff_group003	JAEPEU010006129.1	53284	58883428
scaff_group003	JAEPEU010003109.1	53284	58936712
scaff_group003	JAEPEU010002653.1	53295	58990007
scaff_group003	JAEPEU010008323.1	53327	59043334
scaff_group003	JAEPEU010007861.1	53489	59096823
scaff_group003	JAEPEU010005412.1	53556	59150379
scaff_group003	JAEPEU010003133.1	53643	59204022
scaff_group003	JAEPEU010009375.1	53707	59257729
scaff_group003	JAEPEU010001343.1	53727	59311456
scaff_group003	JAEPEU010002410.1	53790	59365246
scaff_group003	JAEPEU010008418.1	53797	59419043
scaff_group003	JAEPEU010008645.1	53805	59472848
scaff_group003	JAEPEU010002740.1	53836	59526684
scaff_group003	JAEPEU010001725.1	53899	59580583
scaff_group003	JAEPEU010009367.1	53979	59634562
scaff_group003	JAEPEU010007950.1	53986	59688548
scaff_group003	JAEPEU010008977.1	54061	59742609
scaff_group003	JAEPEU010008781.1	54074	59796683
scaff_group003	JAEPEU010003078.1	54188	59850871
scaff_group003	JAEPEU010007023.1	54202	59905073
scaff_group003	JAEPEU010003186.1	54207	59959280
scaff_group003	JAEPEU010004676.1	54286	60013566
scaff_group003	JAEPEU010005322.1	54321	60067887
scaff_group003	JAEPEU010006866.1	54327	60122214
scaff_group003	JAEPEU010006720.1	54339	60176553
scaff_group003	JAEPEU010001402.1	54432	60230985
scaff_group003	JAEPEU010009699.1	54445	60285430
scaff_group003	JAEPEU010009840.1	54464	60339894
scaff_group003	JAEPEU010004670.1	54505	60394399
scaff_group003	JAEPEU010004117.1	54509	60448908
scaff_group003	JAEPEU010004662.1	54588	60503496
scaff_group003	JAEPEU010001830.1	54597	60558093
scaff_group003	JAEPEU010009652.1	54611	60612704
scaff_group003	JAEPEU010007096.1	54615	60667319
scaff_group003	JAEPEU010001563.1	54686	60722005
scaff_group003	JAEPEU010004279.1	54765	60776770
scaff_group003	JAEPEU010006722.1	54843	60831613
scaff_group003	JAEPEU010009360.1	54850	60886463
scaff_group003	JAEPEU010007880.1	54861	60941324
scaff_group003	JAEPEU010001009.1	54887	60996211
scaff_group003	JAEPEU010006156.1	54892	61051103
scaff_group003	JAEPEU010009366.1	54946	61106049
scaff_group003	JAEPEU010002295.1	54999	61161048
scaff_group003	JAEPEU010007002.1	55017	61216065
scaff_group003	JAEPEU010004957.1	55018	61271083
scaff_group003	JAEPEU010005667.1	55080	61326163
scaff_group003	JAEPEU010001808.1	55082	61381245
scaff_group003	JAEPEU010000361.1	55098	61436343
scaff_group003	JAEPEU010006674.1	55110	61491453
scaff_group003	JAEPEU010006872.1	55163	61546616
scaff_group003	JAEPEU010005021.1	55170	61601786
scaff_group003	JAEPEU010005660.1	55241	61657027
scaff_group003	JAEPEU010006444.1	55261	61712288
scaff_group003	JAEPEU010001687.1	55289	61767577
scaff_group003	JAEPEU010007797.1	55354	61822931
scaff_group003	JAEPEU010006187.1	55361	61878292
scaff_group003	JAEPEU010006198.1	55367	61933659
scaff_group003	JAEPEU010009389.1	55371	61989030
scaff_group003	JAEPEU010003909.1	55378	62044408
scaff_group003	JAEPEU010008061.1	55391	62099799
scaff_group003	JAEPEU010007757.1	55437	62155236
scaff_group003	JAEPEU010004621.1	55480	62210716
scaff_group003	JAEPEU010004755.1	55574	62266290
scaff_group003	JAEPEU010002673.1	55589	62321879
scaff_group003	JAEPEU010006689.1	55614	62377493
scaff_group003	JAEPEU010002782.1	55621	62433114
scaff_group003	JAEPEU010004771.1	55632	62488746
scaff_group003	JAEPEU010004100.1	55735	62544481
scaff_group003	JAEPEU010004912.1	55746	62600227
scaff_group003	JAEPEU010006958.1	55804	62656031
scaff_group003	JAEPEU010007257.1	55841	62711872
scaff_group003	JAEPEU010007976.1	55849	62767721
scaff_group003	JAEPEU010005292.1	55863	62823584
scaff_group003	JAEPEU010004437.1	55987	62879571
scaff_group003	JAEPEU010002054.1	56069	62935640
scaff_group003	JAEPEU010001414.1	56086	62991726
scaff_group003	JAEPEU010003395.1	56135	63047861
scaff_group003	JAEPEU010000084.1	56137	63103998
scaff_group003	JAEPEU010003724.1	56168	63160166
scaff_group003	JAEPEU010004828.1	56174	63216340
scaff_group003	JAEPEU010008783.1	56183	63272523
scaff_group003	JAEPEU010006994.1	56206	63328729
scaff_group003	JAEPEU010006659.1	56270	63384999
scaff_group003	JAEPEU010008246.1	56283	63441282
scaff_group003	JAEPEU010001371.1	56390	63497672
scaff_group003	JAEPEU010007201.1	56413	63554085
scaff_group003	JAEPEU010007270.1	56438	63610523
scaff_group003	JAEPEU010006995.1	56448	63666971
scaff_group003	JAEPEU010009610.1	56467	63723438
scaff_group003	JAEPEU010005629.1	56498	63779936
scaff_group003	JAEPEU010002151.1	56530	63836466
scaff_group003	JAEPEU010006863.1	56573	63893039
scaff_group003	JAEPEU010003054.1	56683	63949722
scaff_group003	JAEPEU010008578.1	56690	64006412
scaff_group003	JAEPEU010009709.1	56700	64063112
scaff_group003	JAEPEU010009238.1	56737	64119849
scaff_group003	JAEPEU010005867.1	56759	64176608
scaff_group003	JAEPEU010009436.1	56771	64233379
scaff_group003	JAEPEU010007856.1	56794	64290173
scaff_group003	JAEPEU010008739.1	56819	64346992
scaff_group003	JAEPEU010007847.1	56830	64403822
scaff_group003	JAEPEU010008895.1	56877	64460699
scaff_group003	JAEPEU010001473.1	56891	64517590
scaff_group003	JAEPEU010004982.1	57017	64574607
scaff_group003	JAEPEU010001720.1	57074	64631681
scaff_group003	JAEPEU010007238.1	57147	64688828
scaff_group003	JAEPEU010008283.1	57212	64746040
scaff_group003	JAEPEU010009848.1	57238	64803278
scaff_group003	JAEPEU010001522.1	57255	64860533
scaff_group003	JAEPEU010006986.1	57279	64917812
scaff_group003	JAEPEU010002691.1	57299	64975111
scaff_group003	JAEPEU010001266.1	57370	65032481
scaff_group003	JAEPEU010005090.1	57388	65089869
scaff_group003	JAEPEU010002443.1	57389	65147258
scaff_group003	JAEPEU010006247.1	57418	65204676
scaff_group003	JAEPEU010005959.1	57534	65262210
scaff_group003	JAEPEU010001780.1	57549	65319759
scaff_group003	JAEPEU010008517.1	57624	65377383
scaff_group003	JAEPEU010008623.1	57628	65435011
scaff_group003	JAEPEU010006633.1	57641	65492652
scaff_group003	JAEPEU010002133.1	57653	65550305
scaff_group003	JAEPEU010005979.1	57751	65608056
scaff_group003	JAEPEU010006664.1	57754	65665810
scaff_group003	JAEPEU010002612.1	57869	65723679
scaff_group003	JAEPEU010001896.1	57894	65781573
scaff_group003	JAEPEU010007275.1	57917	65839490
scaff_group003	JAEPEU010006817.1	58081	65897571
scaff_group003	JAEPEU010002011.1	58087	65955658
scaff_group003	JAEPEU010008434.1	58321	66013979
scaff_group003	JAEPEU010009432.1	58346	66072325
scaff_group003	JAEPEU010000875.1	58349	66130674
scaff_group003	JAEPEU010001273.1	58356	66189030
scaff_group003	JAEPEU010005134.1	58380	66247410
scaff_group003	JAEPEU010005652.1	58456	66305866
scaff_group003	JAEPEU010008197.1	58471	66364337
scaff_group003	JAEPEU010009583.1	58472	66422809
scaff_group003	JAEPEU010006506.1	58498	66481307
scaff_group003	JAEPEU010003733.1	58512	66539819
scaff_group003	JAEPEU010008207.1	58537	66598356
scaff_group003	JAEPEU010008374.1	58544	66656900
scaff_group003	JAEPEU010000340.1	58554	66715454
scaff_group003	JAEPEU010000054.1	58562	66774016
scaff_group003	JAEPEU010004536.1	58591	66832607
scaff_group003	JAEPEU010005524.1	58726	66891333
scaff_group003	JAEPEU010000744.1	58820	66950153
scaff_group003	JAEPEU010009577.1	58923	67009076
scaff_group003	JAEPEU010002526.1	58979	67068055
scaff_group003	JAEPEU010005995.1	59017	67127072
scaff_group003	JAEPEU010002131.1	59030	67186102
scaff_group003	JAEPEU010009247.1	59089	67245191
scaff_group003	JAEPEU010009445.1	59170	67304361
scaff_group003	JAEPEU010006871.1	59174	67363535
scaff_group003	JAEPEU010008584.1	59174	67422709
scaff_group003	JAEPEU010005636.1	59184	67481893
scaff_group003	JAEPEU010000477.1	59189	67541082
scaff_group003	JAEPEU010005974.1	59304	67600386
scaff_group003	JAEPEU010002196.1	59313	67659699
scaff_group003	JAEPEU010002568.1	59331	67719030
scaff_group003	JAEPEU010009222.1	59343	67778373
scaff_group003	JAEPEU010001593.1	59380	67837753
scaff_group003	JAEPEU010008574.1	59416	67897169
scaff_group003	JAEPEU010004915.1	59449	67956618
scaff_group003	JAEPEU010008447.1	59476	68016094
scaff_group003	JAEPEU010005072.1	59498	68075592
scaff_group003	JAEPEU010007596.1	59582	68135174
scaff_group003	JAEPEU010005047.1	59623	68194797
scaff_group003	JAEPEU010009943.1	59642	68254439
scaff_group003	JAEPEU010001672.1	59674	68314113
scaff_group003	JAEPEU010001355.1	59795	68373908
scaff_group003	JAEPEU010007168.1	59815	68433723
scaff_group003	JAEPEU010008368.1	59823	68493546
scaff_group003	JAEPEU010002393.1	59853	68553399
scaff_group003	JAEPEU010002791.1	59914	68613313
scaff_group003	JAEPEU010005953.1	60096	68673409
scaff_group003	JAEPEU010004157.1	60168	68733577
scaff_group003	JAEPEU010007832.1	60197	68793774
scaff_group003	JAEPEU010006432.1	60222	68853996
scaff_group003	JAEPEU010004582.1	60234	68914230
scaff_group003	JAEPEU010000902.1	60280	68974510
scaff_group003	JAEPEU010001917.1	60288	69034798
scaff_group003	JAEPEU010006037.1	60318	69095116
scaff_group003	JAEPEU010007513.1	60351	69155467
scaff_group003	JAEPEU010003300.1	60393	69215860
scaff_group003	JAEPEU010002019.1	60446	69276306
scaff_group003	JAEPEU010007317.1	60463	69336769
scaff_group003	JAEPEU010006806.1	60583	69397352
scaff_group003	JAEPEU010009466.1	60722	69458074
scaff_group003	JAEPEU010008985.1	60723	69518797
scaff_group003	JAEPEU010007547.1	60731	69579528
scaff_group003	JAEPEU010008314.1	60742	69640270
scaff_group003	JAEPEU010001300.1	60771	69701041
scaff_group003	JAEPEU010008785.1	60809	69761850
scaff_group003	JAEPEU010005793.1	60866	69822716
scaff_group003	JAEPEU010000815.1	60898	69883614
scaff_group003	JAEPEU010000806.1	60929	69944543
scaff_group003	JAEPEU010003436.1	61078	70005621
scaff_group004	JAEPEU010006634.1	61088	70066709
scaff_group004	JAEPEU010007279.1	61117	70127826
scaff_group004	JAEPEU010003181.1	61221	70189047
scaff_group004	JAEPEU010004711.1	61272	70250319
scaff_group004	JAEPEU010000526.1	61300	70311619
scaff_group004	JAEPEU010008341.1	61368	70372987
scaff_group004	JAEPEU010002591.1	61408	70434395
scaff_group004	JAEPEU010000996.1	61425	70495820
scaff_group004	JAEPEU010000050.1	61428	70557248
scaff_group004	JAEPEU010006090.1	61432	70618680
scaff_group004	JAEPEU010006290.1	61436	70680116
scaff_group004	JAEPEU010002695.1	61535	70741651
scaff_group004	JAEPEU010006545.1	61603	70803254
scaff_group004	JAEPEU010004981.1	61734	70864988
scaff_group004	JAEPEU010000142.1	61865	70926853
scaff_group004	JAEPEU010005375.1	61882	70988735
scaff_group004	JAEPEU010004095.1	62026	71050761
scaff_group004	JAEPEU010008999.1	62042	71112803
scaff_group004	JAEPEU010008224.1	62078	71174881
scaff_group004	JAEPEU010003225.1	62124	71237005
scaff_group004	JAEPEU010008098.1	62159	71299164
scaff_group004	JAEPEU010008120.1	62181	71361345
scaff_group004	JAEPEU010000847.1	62197	71423542
scaff_group004	JAEPEU010007045.1	62316	71485858
scaff_group004	JAEPEU010006884.1	62362	71548220
scaff_group004	JAEPEU010006660.1	62374	71610594
scaff_group004	JAEPEU010007312.1	62456	71673050
scaff_group004	JAEPEU010005435.1	62502	71735552
scaff_group004	JAEPEU010007619.1	62529	71798081
scaff_group004	JAEPEU010008642.1	62532	71860613
scaff_group004	JAEPEU010005748.1	62558	71923171
scaff_group004	JAEPEU010000701.1	62558	71985729
scaff_group004	JAEPEU010003124.1	62636	72048365
scaff_group004	JAEPEU010003120.1	62667	72111032
scaff_group004	JAEPEU010008064.1	62673	72173705
scaff_group004	JAEPEU010005913.1	62707	72236412
scaff_group004	JAEPEU010007437.1	62722	72299134
scaff_group004	JAEPEU010006700.1	62782	72361916
scaff_group004	JAEPEU010005320.1	62818	72424734
scaff_group004	JAEPEU010007573.1	62819	72487553
scaff_group004	JAEPEU010005520.1	62877	72550430
scaff_group004	JAEPEU010005602.1	62883	72613313
scaff_group004	JAEPEU010008451.1	62981	72676294
scaff_group004	JAEPEU010005840.1	63031	72739325
scaff_group004	JAEPEU010003943.1	63043	72802368
scaff_group004	JAEPEU010008409.1	63123	72865491
scaff_group004	JAEPEU010000980.1	63149	72928640
scaff_group004	JAEPEU010001410.1	63154	72991794
scaff_group004	JAEPEU010009567.1	63183	73054977
scaff_group004	JAEPEU010000533.1	63184	73118161
scaff_group004	JAEPEU010008324.1	63243	73181404
scaff_group004	JAEPEU010008851.1	63260	73244664
scaff_group004	JAEPEU010006942.1	63292	73307956
scaff_group004	JAEPEU010005584.1	63359	73371315
scaff_group004	JAEPEU010001950.1	63364	73434679
scaff_group004	JAEPEU010007560.1	63364	73498043
scaff_group004	JAEPEU010001783.1	63377	73561420
scaff_group004	JAEPEU010004968.1	63389	73624809
scaff_group004	JAEPEU010002058.1	63407	73688216
scaff_group004	JAEPEU010008252.1	63421	73751637
scaff_group004	JAEPEU010000082.1	63437	73815074
scaff_group004	JAEPEU010006287.1	63446	73878520
scaff_group004	JAEPEU010000136.1	63454	73941974
scaff_group004	JAEPEU010008519.1	63521	74005495
scaff_group004	JAEPEU010006114.1	63580	74069075
scaff_group004	JAEPEU010007376.1	63587	74132662
scaff_group004	JAEPEU010005603.1	63610	74196272
scaff_group004	JAEPEU010005551.1	63619	74259891
scaff_group004	JAEPEU010003039.1	63634	74323525
scaff_group004	JAEPEU010009833.1	63703	74387228
scaff_group004	JAEPEU010005933.1	63707	74450935
scaff_group004	JAEPEU010008823.1	63841	74514776
scaff_group004	JAEPEU010007553.1	63850	74578626
scaff_group004	JAEPEU010001353.1	63894	74642520
scaff_group004	JAEPEU010001883.1	63894	74706414
scaff_group004	JAEPEU010009697.1	63920	74770334
scaff_group004	JAEPEU010007722.1	63956	74834290
scaff_group004	JAEPEU010007016.1	63956	74898246
scaff_group004	JAEPEU010006471.1	63978	74962224
scaff_group004	JAEPEU010002546.1	64032	75026256
scaff_group004	JAEPEU010008219.1	64038	75090294
scaff_group004	JAEPEU010006163.1	64094	75154388
scaff_group004	JAEPEU010003386.1	64155	75218543
scaff_group004	JAEPEU010008601.1	64329	75282872
scaff_group004	JAEPEU010009441.1	64372	75347244
scaff_group004	JAEPEU010006210.1	64461	75411705
scaff_group004	JAEPEU010008189.1	64493	75476198
scaff_group004	JAEPEU010001090.1	64545	75540743
scaff_group004	JAEPEU010003679.1	64625	75605368
scaff_group004	JAEPEU010004826.1	64627	75669995
scaff_group004	JAEPEU010006747.1	64686	75734681
scaff_group004	JAEPEU010001935.1	64687	75799368
scaff_group004	JAEPEU010009555.1	64693	75864061
scaff_group004	JAEPEU010006111.1	64698	75928759
scaff_group004	JAEPEU010004773.1	64789	75993548
scaff_group004	JAEPEU010001161.1	64825	76058373
scaff_group004	JAEPEU010004169.1	64827	76123200
scaff_group004	JAEPEU010009365.1	64853	76188053
scaff_group004	JAEPEU010003090.1	64854	76252907
scaff_group004	JAEPEU010007453.1	64883	76317790
scaff_group004	JAEPEU010006231.1	64936	76382726
scaff_group004	JAEPEU010006629.1	64959	76447685
scaff_group004	JAEPEU010008439.1	65010	76512695
scaff_group004	JAEPEU010000408.1	65038	76577733
scaff_group004	JAEPEU010006606.1	65049	76642782
scaff_group004	JAEPEU010001876.1	65128	76707910
scaff_group004	JAEPEU010007526.1	65169	76773079
scaff_group004	JAEPEU010000810.1	65188	76838267
scaff_group004	JAEPEU010005186.1	65209	76903476
scaff_group004	JAEPEU010000859.1	65270	76968746
scaff_group004	JAEPEU010005521.1	65344	77034090
scaff_group004	JAEPEU010004874.1	65346	77099436
scaff_group004	JAEPEU010007871.1	65363	77164799
scaff_group004	JAEPEU010005829.1	65370	77230169
scaff_group004	JAEPEU010005885.1	65407	77295576
scaff_group004	JAEPEU010003014.1	65456	77361032
scaff_group004	JAEPEU010000587.1	65526	77426558
scaff_group004	JAEPEU010006934.1	65546	77492104
scaff_group004	JAEPEU010004871.1	65650	77557754
scaff_group004	JAEPEU010009847.1	65765	77623519
scaff_group004	JAEPEU010008131.1	65766	77689285
scaff_group004	JAEPEU010007952.1	65768	77755053
scaff_group004	JAEPEU010007188.1	65841	77820894
scaff_group004	JAEPEU010006133.1	65847	77886741
scaff_group004	JAEPEU010006292.1	65948	77952689
scaff_group004	JAEPEU010005039.1	65952	78018641
scaff_group004	JAEPEU010004138.1	65978	78084619
scaff_group004	JAEPEU010005285.1	65985	78150604
scaff_group004	JAEPEU010004900.1	65998	78216602
scaff_group004	JAEPEU010009551.1	66053	78282655
scaff_group004	JAEPEU010008321.1	66057	78348712
scaff_group004	JAEPEU010008170.1	66082	78414794
scaff_group004	JAEPEU010007221.1	66132	78480926
scaff_group004	JAEPEU010008335.1	66185	78547111
scaff_group004	JAEPEU010003515.1	66247	78613358
scaff_group004	JAEPEU010008017.1	66298	78679656
scaff_group004	JAEPEU010007446.1	66322	78745978
scaff_group004	JAEPEU010004899.1	66357	78812335
scaff_group004	JAEPEU010000196.1	66515	78878850
scaff_group004	JAEPEU010006937.1	66564	78945414
scaff_group004	JAEPEU010005195.1	66811	79012225
scaff_group004	JAEPEU010000521.1	66824	79079049
scaff_group004	JAEPEU010008037.1	66882	79145931
scaff_group004	JAEPEU010006909.1	66942	79212873
scaff_group004	JAEPEU010007530.1	66959	79279832
scaff_group004	JAEPEU010002467.1	66965	79346797
scaff_group004	JAEPEU010004855.1	66966	79413763
scaff_group004	JAEPEU010006197.1	67070	79480833
scaff_group004	JAEPEU010009154.1	67091	79547924
scaff_group004	JAEPEU010009534.1	67104	79615028
scaff_group004	JAEPEU010001624.1	67123	79682151
scaff_group004	JAEPEU010005797.1	67125	79749276
scaff_group004	JAEPEU010008944.1	67158	79816434
scaff_group004	JAEPEU010007631.1	67226	79883660
scaff_group004	JAEPEU010009310.1	67293	79950953
scaff_group004	JAEPEU010004098.1	67326	80018279
scaff_group004	JAEPEU010005025.1	67373	80085652
scaff_group004	JAEPEU010005715.1	67406	80153058
scaff_group004	JAEPEU010006554.1	67494	80220552
scaff_group004	JAEPEU010005762.1	67532	80288084
scaff_group004	JAEPEU010003244.1	67604	80355688
scaff_group004	JAEPEU010004500.1	67610	80423298
scaff_group004	JAEPEU010003190.1	67629	80490927
scaff_group004	JAEPEU010002286.1	67672	80558599
scaff_group004	JAEPEU010000926.1	67710	80626309
scaff_group004	JAEPEU010009811.1	67740	80694049
scaff_group004	JAEPEU010009827.1	67783	80761832
scaff_group004	JAEPEU010001587.1	67925	80829757
scaff_group004	JAEPEU010000261.1	67943	80897700
scaff_group004	JAEPEU010009010.1	68054	80965754
scaff_group004	JAEPEU010000581.1	68088	81033842
scaff_group004	JAEPEU010008408.1	68098	81101940
scaff_group004	JAEPEU010005340.1	68154	81170094
scaff_group004	JAEPEU010007566.1	68163	81238257
scaff_group004	JAEPEU010002124.1	68237	81306494
scaff_group004	JAEPEU010005547.1	68258	81374752
scaff_group004	JAEPEU010003158.1	68293	81443045
scaff_group004	JAEPEU010008729.1	68347	81511392
scaff_group004	JAEPEU010006816.1	68463	81579855
scaff_group004	JAEPEU010006390.1	68471	81648326
scaff_group004	JAEPEU010009632.1	68492	81716818
scaff_group004	JAEPEU010009459.1	68528	81785346
scaff_group004	JAEPEU010007925.1	68530	81853876
scaff_group004	JAEPEU010001569.1	68623	81922499
scaff_group004	JAEPEU010006991.1	68664	81991163
scaff_group004	JAEPEU010002674.1	68683	82059846
scaff_group004	JAEPEU010005878.1	68693	82128539
scaff_group004	JAEPEU010004976.1	68845	82197384
scaff_group004	JAEPEU010007366.1	68910	82266294
scaff_group004	JAEPEU010009023.1	69045	82335339
scaff_group004	JAEPEU010005022.1	69064	82404403
scaff_group004	JAEPEU010000338.1	69111	82473514
scaff_group004	JAEPEU010001937.1	69197	82542711
scaff_group004	JAEPEU010006278.1	69240	82611951
scaff_group004	JAEPEU010006787.1	69291	82681242
scaff_group004	JAEPEU010000935.1	69395	82750637
scaff_group004	JAEPEU010006677.1	69406	82820043
scaff_group004	JAEPEU010001578.1	69409	82889452
scaff_group004	JAEPEU010001838.1	69425	82958877
scaff_group004	JAEPEU010007471.1	69477	83028354
scaff_group004	JAEPEU010002578.1	69478	83097832
scaff_group004	JAEPEU010009967.1	69483	83167315
scaff_group004	JAEPEU010001924.1	69537	83236852
scaff_group004	JAEPEU010001890.1	69603	83306455
scaff_group004	JAEPEU010005898.1	69638	83376093
scaff_group004	JAEPEU010000148.1	69661	83445754
scaff_group004	JAEPEU010001844.1	69708	83515462
scaff_group004	JAEPEU010005094.1	69802	83585264
scaff_group004	JAEPEU010007675.1	69838	83655102
scaff_group004	JAEPEU010009732.1	69879	83724981
scaff_group004	JAEPEU010003268.1	69918	83794899
scaff_group004	JAEPEU010007181.1	69941	83864840
scaff_group004	JAEPEU010000102.1	70005	83934845
scaff_group004	JAEPEU010008289.1	70065	84004910
scaff_group004	JAEPEU010000381.1	70071	84074981
scaff_group004	JAEPEU010008958.1	70097	84145078
scaff_group004	JAEPEU010004173.1	70116	84215194
scaff_group004	JAEPEU010000877.1	70152	84285346
scaff_group004	JAEPEU010009970.1	70176	84355522
scaff_group004	JAEPEU010003336.1	70187	84425709
scaff_group004	JAEPEU010002474.1	70219	84495928
scaff_group004	JAEPEU010001664.1	70233	84566161
scaff_group004	JAEPEU010009664.1	70412	84636573
scaff_group004	JAEPEU010005562.1	70465	84707038
scaff_group004	JAEPEU010004963.1	70478	84777516
scaff_group004	JAEPEU010000129.1	70646	84848162
scaff_group004	JAEPEU010008566.1	70692	84918854
scaff_group004	JAEPEU010003624.1	70768	84989622
scaff_group004	JAEPEU010001867.1	70789	85060411
scaff_group004	JAEPEU010003931.1	71067	85131478
scaff_group004	JAEPEU010009653.1	71109	85202587
scaff_group004	JAEPEU010008945.1	71172	85273759
scaff_group004	JAEPEU010006632.1	71387	85345146
scaff_group004	JAEPEU010001552.1	71389	85416535
scaff_group004	JAEPEU010006242.1	71432	85487967
scaff_group004	JAEPEU010006125.1	71574	85559541
scaff_group004	JAEPEU010006332.1	71624	85631165
scaff_group004	JAEPEU010007904.1	71643	85702808
scaff_group004	JAEPEU010005079.1	71731	85774539
scaff_group004	JAEPEU010008183.1	71820	85846359
scaff_group004	JAEPEU010003254.1	71840	85918199
scaff_group004	JAEPEU010006183.1	71874	85990073
scaff_group004	JAEPEU010004530.1	71905	86061978
scaff_group004	JAEPEU010006984.1	72067	86134045
scaff_group004	JAEPEU010000342.1	72141	86206186
scaff_group004	JAEPEU010007200.1	72188	86278374
scaff_group004	JAEPEU010001564.1	72226	86350600
scaff_group004	JAEPEU010005546.1	72455	86423055
scaff_group004	JAEPEU010006987.1	72584	86495639
scaff_group004	JAEPEU010007501.1	72605	86568244
scaff_group004	JAEPEU010006848.1	72694	86640938
scaff_group004	JAEPEU010008467.1	72702	86713640
scaff_group004	JAEPEU010002736.1	72703	86786343
scaff_group004	JAEPEU010004604.1	72852	86859195
scaff_group004	JAEPEU010001468.1	72923	86932118
scaff_group004	JAEPEU010006190.1	73132	87005250
scaff_group004	JAEPEU010006470.1	73149	87078399
scaff_group004	JAEPEU010003936.1	73173	87151572
scaff_group004	JAEPEU010002589.1	73185	87224757
scaff_group004	JAEPEU010006174.1	73196	87297953
scaff_group004	JAEPEU010005226.1	73323	87371276
scaff_group004	JAEPEU010005862.1	73404	87444680
scaff_group004	JAEPEU010009325.1	73434	87518114
scaff_group004	JAEPEU010006537.1	73447	87591561
scaff_group004	JAEPEU010006079.1	73486	87665047
scaff_group004	JAEPEU010009785.1	73540	87738587
scaff_group004	JAEPEU010005077.1	73540	87812127
scaff_group004	JAEPEU010003000.1	73542	87885669
scaff_group004	JAEPEU010003861.1	73571	87959240
scaff_group004	JAEPEU010000019.1	73631	88032871
scaff_group004	JAEPEU010005911.1	73647	88106518
scaff_group004	JAEPEU010005057.1	73691	88180209
scaff_group004	JAEPEU010006442.1	73837	88254046
scaff_group004	JAEPEU010007459.1	73838	88327884
scaff_group004	JAEPEU010001995.1	73885	88401769
scaff_group004	JAEPEU010009498.1	73894	88475663
scaff_group004	JAEPEU010007578.1	73974	88549637
scaff_group004	JAEPEU010008861.1	74002	88623639
scaff_group004	JAEPEU010006053.1	74026	88697665
scaff_group004	JAEPEU010008767.1	74072	88771737
scaff_group004	JAEPEU010000311.1	74103	88845840
scaff_group004	JAEPEU010000274.1	74186	88920026
scaff_group004	JAEPEU010004774.1	74223	88994249
scaff_group004	JAEPEU010008084.1	74587	89068836
scaff_group004	JAEPEU010009105.1	74606	89143442
scaff_group004	JAEPEU010007731.1	74611	89218053
scaff_group004	JAEPEU010003921.1	74699	89292752
scaff_group004	JAEPEU010003359.1	74733	89367485
scaff_group004	JAEPEU010004721.1	74778	89442263
scaff_group004	JAEPEU010007484.1	74920	89517183
scaff_group004	JAEPEU010009078.1	75029	89592212
scaff_group004	JAEPEU010007328.1	75067	89667279
scaff_group004	JAEPEU010008259.1	75203	89742482
scaff_group004	JAEPEU010003214.1	75214	89817696
scaff_group004	JAEPEU010000240.1	75245	89892941
scaff_group004	JAEPEU010006002.1	75368	89968309
scaff_group004	JAEPEU010009304.1	75388	90043697
scaff_group004	JAEPEU010007058.1	75428	90119125
scaff_group004	JAEPEU010006691.1	75483	90194608
scaff_group004	JAEPEU010000117.1	75502	90270110
scaff_group004	JAEPEU010008656.1	75652	90345762
scaff_group004	JAEPEU010005478.1	75653	90421415
scaff_group004	JAEPEU010005137.1	75674	90497089
scaff_group004	JAEPEU010005120.1	75725	90572814
scaff_group004	JAEPEU010005531.1	75733	90648547
scaff_group004	JAEPEU010004945.1	75792	90724339
scaff_group004	JAEPEU010006058.1	75894	90800233
scaff_group004	JAEPEU010006512.1	75912	90876145
scaff_group004	JAEPEU010000725.1	75927	90952072
scaff_group004	JAEPEU010006092.1	75971	91028043
scaff_group004	JAEPEU010005533.1	75994	91104037
scaff_group004	JAEPEU010007639.1	76029	91180066
scaff_group004	JAEPEU010007128.1	76040	91256106
scaff_group004	JAEPEU010001187.1	76092	91332198
scaff_group004	JAEPEU010003601.1	76132	91408330
scaff_group004	JAEPEU010006060.1	76229	91484559
scaff_group004	JAEPEU010005997.1	76315	91560874
scaff_group004	JAEPEU010009562.1	76354	91637228
scaff_group004	JAEPEU010008664.1	76383	91713611
scaff_group004	JAEPEU010008969.1	76488	91790099
scaff_group004	JAEPEU010001137.1	76637	91866736
scaff_group004	JAEPEU010004632.1	76874	91943610
scaff_group004	JAEPEU010001596.1	76886	92020496
scaff_group004	JAEPEU010002692.1	76964	92097460
scaff_group004	JAEPEU010004548.1	77036	92174496
scaff_group004	JAEPEU010006496.1	77072	92251568
scaff_group004	JAEPEU010005271.1	77073	92328641
scaff_group004	JAEPEU010007381.1	77114	92405755
scaff_group004	JAEPEU010000799.1	77257	92483012
scaff_group004	JAEPEU010004139.1	77365	92560377
scaff_group004	JAEPEU010001268.1	77425	92637802
scaff_group004	JAEPEU010006609.1	77503	92715305
scaff_group004	JAEPEU010009221.1	77594	92792899
scaff_group004	JAEPEU010007966.1	77687	92870586
scaff_group004	JAEPEU010006205.1	77725	92948311
scaff_group004	JAEPEU010009527.1	77746	93026057
scaff_group004	JAEPEU010004698.1	77767	93103824
scaff_group004	JAEPEU010000691.1	77911	93181735
scaff_group004	JAEPEU010001418.1	77929	93259664
scaff_group004	JAEPEU010002426.1	78054	93337718
scaff_group005	JAEPEU010007645.1	78177	93415895
scaff_group005	JAEPEU010000973.1	78225	93494120
scaff_group005	JAEPEU010006669.1	78449	93572569
scaff_group005	JAEPEU010000739.1	78460	93651029
scaff_group005	JAEPEU010007572.1	78461	93729490
scaff_group005	JAEPEU010005307.1	78485	93807975
scaff_group005	JAEPEU010003324.1	78534	93886509
scaff_group005	JAEPEU010008356.1	78613	93965122
scaff_group005	JAEPEU010002994.1	78634	94043756
scaff_group005	JAEPEU010005855.1	78638	94122394
scaff_group005	JAEPEU010009089.1	78778	94201172
scaff_group005	JAEPEU010009855.1	78887	94280059
scaff_group005	JAEPEU010001888.1	78916	94358975
scaff_group005	JAEPEU010006811.1	78931	94437906
scaff_group005	JAEPEU010003080.1	78952	94516858
scaff_group005	JAEPEU010007245.1	79065	94595923
scaff_group005	JAEPEU010000664.1	79128	94675051
scaff_group005	JAEPEU010001091.1	79173	94754224
scaff_group005	JAEPEU010004406.1	79276	94833500
scaff_group005	JAEPEU010000723.1	79302	94912802
scaff_group005	JAEPEU010004105.1	79304	94992106
scaff_group005	JAEPEU010001042.1	79328	95071434
scaff_group005	JAEPEU010002935.1	79379	95150813
scaff_group005	JAEPEU010002793.1	79413	95230226
scaff_group005	JAEPEU010008825.1	79507	95309733
scaff_group005	JAEPEU010000755.1	79633	95389366
scaff_group005	JAEPEU010008412.1	79664	95469030
scaff_group005	JAEPEU010001492.1	79689	95548719
scaff_group005	JAEPEU010005886.1	79732	95628451
scaff_group005	JAEPEU010003140.1	79757	95708208
scaff_group005	JAEPEU010001094.1	79803	95788011
scaff_group005	JAEPEU010009159.1	79867	95867878
scaff_group005	JAEPEU010002837.1	79868	95947746
scaff_group005	JAEPEU010008675.1	79879	96027625
scaff_group005	JAEPEU010006495.1	80013	96107638
scaff_group005	JAEPEU010000268.1	80076	96187714
scaff_group005	JAEPEU010008151.1	80131	96267845
scaff_group005	JAEPEU010000841.1	80315	96348160
scaff_group005	JAEPEU010006697.1	80419	96428579
scaff_group005	JAEPEU010005948.1	80481	96509060
scaff_group005	JAEPEU010007020.1	80533	96589593
scaff_group005	JAEPEU010000840.1	80537	96670130
scaff_group005	JAEPEU010006456.1	80605	96750735
scaff_group005	JAEPEU010004714.1	80637	96831372
scaff_group005	JAEPEU010005103.1	80839	96912211
scaff_group005	JAEPEU010007785.1	80855	96993066
scaff_group005	JAEPEU010005699.1	80882	97073948
scaff_group005	JAEPEU010001985.1	80906	97154854
scaff_group005	JAEPEU010007084.1	81051	97235905
scaff_group005	JAEPEU010001952.1	81085	97316990
scaff_group005	JAEPEU010006693.1	81130	97398120
scaff_group005	JAEPEU010001361.1	81232	97479352
scaff_group005	JAEPEU010000990.1	81247	97560599
scaff_group005	JAEPEU010003307.1	81251	97641850
scaff_group005	JAEPEU010009051.1	81269	97723119
scaff_group005	JAEPEU010007665.1	81274	97804393
scaff_group005	JAEPEU010007274.1	81479	97885872
scaff_group005	JAEPEU010001177.1	81561	97967433
scaff_group005	JAEPEU010009328.1	81831	98049264
scaff_group005	JAEPEU010005325.1	81907	98131171
scaff_group005	JAEPEU010003045.1	81935	98213106
scaff_group005	JAEPEU010007936.1	81956	98295062
scaff_group005	JAEPEU010004207.1	82002	98377064
scaff_group005	JAEPEU010005371.1	82180	98459244
scaff_group005	JAEPEU010007298.1	82280	98541524
scaff_group005	JAEPEU010008984.1	82317	98623841
scaff_group005	JAEPEU010003856.1	82364	98706205
scaff_group005	JAEPEU010004702.1	82417	98788622
scaff_group005	JAEPEU010008465.1	82452	98871074
scaff_group005	JAEPEU010005895.1	82454	98953528
scaff_group005	JAEPEU010000485.1	82486	99036014
scaff_group005	JAEPEU010002037.1	82510	99118524
scaff_group005	JAEPEU010005127.1	82550	99201074
scaff_group005	JAEPEU010006828.1	82955	99284029
scaff_group005	JAEPEU010000730.1	83040	99367069
scaff_group005	JAEPEU010006970.1	83146	99450215
scaff_group005	JAEPEU010002169.1	83204	99533419
scaff_group005	JAEPEU010008493.1	83229	99616648
scaff_group005	JAEPEU010005836.1	83232	99699880
scaff_group005	JAEPEU010004985.1	83232	99783112
scaff_group005	JAEPEU010005377.1	83341	99866453
scaff_group005	JAEPEU010007864.1	83385	99949838
scaff_group005	JAEPEU010008654.1	83476	100033314
scaff_group005	JAEPEU010007482.1	83477	100116791
scaff_group005	JAEPEU010008489.1	83601	100200392
scaff_group005	JAEPEU010007600.1	83643	100284035
scaff_group005	JAEPEU010008181.1	83893	100367928
scaff_group005	JAEPEU010009227.1	84021	100451949
scaff_group005	JAEPEU010008293.1	84113	100536062
scaff_group005	JAEPEU010001800.1	84115	100620177
scaff_group005	JAEPEU010002848.1	84120	100704297
scaff_group005	JAEPEU010003191.1	84162	100788459
scaff_group005	JAEPEU010003071.1	84199	100872658
scaff_group005	JAEPEU010006487.1	84214	100956872
scaff_group005	JAEPEU010006147.1	84367	101041239
scaff_group005	JAEPEU010008234.1	84493	101125732
scaff_group005	JAEPEU010000573.1	84499	101210231
scaff_group005	JAEPEU010004023.1	84603	101294834
scaff_group005	JAEPEU010007299.1	84631	101379465
scaff_group005	JAEPEU010005698.1	84633	101464098
scaff_group005	JAEPEU010006417.1	84659	101548757
scaff_group005	JAEPEU010000606.1	84671	101633428
scaff_group005	JAEPEU010002548.1	84678	101718106
scaff_group005	JAEPEU010005792.1	84680	101802786
scaff_group005	JAEPEU010008931.1	84726	101887512
scaff_group005	JAEPEU010000513.1	84765	101972277
scaff_group005	JAEPEU010002501.1	84767	102057044
scaff_group005	JAEPEU010009242.1	84842	102141886
scaff_group005	JAEPEU010000305.1	84877	102226763
scaff_group005	JAEPEU010003332.1	84921	102311684
scaff_group005	JAEPEU010000857.1	84923	102396607
scaff_group005	JAEPEU010009636.1	85007	102481614
scaff_group005	JAEPEU010005814.1	85262	102566876
scaff_group005	JAEPEU010002138.1	85461	102652337
scaff_group005	JAEPEU010007824.1	85465	102737802
scaff_group005	JAEPEU010006603.1	85477	102823279
scaff_group005	JAEPEU010007124.1	85506	102908785
scaff_group005	JAEPEU010008232.1	85596	102994381
scaff_group005	JAEPEU010000322.1	85608	103079989
scaff_group005	JAEPEU010005543.1	85814	103165803
scaff_group005	JAEPEU010000703.1	85898	103251701
scaff_group005	JAEPEU010000107.1	86325	103338026
scaff_group005	JAEPEU010004756.1	86486	103424512
scaff_group005	JAEPEU010004559.1	86550	103511062
scaff_group005	JAEPEU010000603.1	86682	103597744
scaff_group005	JAEPEU010001789.1	86970	103684714
scaff_group005	JAEPEU010006704.1	87165	103771879
scaff_group005	JAEPEU010003251.1	87175	103859054
scaff_group005	JAEPEU010008498.1	87300	103946354
scaff_group005	JAEPEU010004710.1	87380	104033734
scaff_group005	JAEPEU010005528.1	87384	104121118
scaff_group005	JAEPEU010000363.1	87572	104208690
scaff_group005	JAEPEU010008115.1	87594	104296284
scaff_group005	JAEPEU010009944.1	87617	104383901
scaff_group005	JAEPEU010002121.1	87725	104471626
scaff_group005	JAEPEU010007839.1	87845	104559471
scaff_group005	JAEPEU010009004.1	87869	104647340
scaff_group005	JAEPEU010009138.1	87959	104735299
scaff_group005	JAEPEU010000546.1	87998	104823297
scaff_group005	JAEPEU010008129.1	88113	104911410
scaff_group005	JAEPEU010007959.1	88125	104999535
scaff_group005	JAEPEU010004681.1	88304	105087839
scaff_group005	JAEPEU010003106.1	88348	105176187
scaff_group005	JAEPEU010002288.1	88384	105264571
scaff_group005	JAEPEU010008971.1	88417	105352988
scaff_group005	JAEPEU010005728.1	88590	105441578
scaff_group005	JAEPEU010006202.1	88617	105530195
scaff_group005	JAEPEU010008470.1	88659	105618854
scaff_group005	JAEPEU010004962.1	88695	105707549
scaff_group005	JAEPEU010008195.1	88754	105796303
scaff_group005	JAEPEU010007910.1	88792	105885095
scaff_group005	JAEPEU010008229.1	88792	105973887
scaff_group005	JAEPEU010006066.1	88839	106062726
scaff_group005	JAEPEU010003760.1	88876	106151602
scaff_group005	JAEPEU010003052.1	88918	106240520
scaff_group005	JAEPEU010004126.1	88923	106329443
scaff_group005	JAEPEU010004693.1	88975	106418418
scaff_group005	JAEPEU010008848.1	88997	106507415
scaff_group005	JAEPEU010007523.1	89100	106596515
scaff_group005	JAEPEU010008870.1	89127	106685642
scaff_group005	JAEPEU010005893.1	89302	106774944
scaff_group005	JAEPEU010004035.1	89427	106864371
scaff_group005	JAEPEU010000793.1	89451	106953822
scaff_group005	JAEPEU010005158.1	89469	107043291
scaff_group005	JAEPEU010009573.1	89490	107132781
scaff_group005	JAEPEU010006591.1	89543	107222324
scaff_group005	JAEPEU010006845.1	89588	107311912
scaff_group005	JAEPEU010007798.1	89608	107401520
scaff_group005	JAEPEU010008579.1	89666	107491186
scaff_group005	JAEPEU010004618.1	89687	107580873
scaff_group005	JAEPEU010006839.1	89740	107670613
scaff_group005	JAEPEU010008608.1	89760	107760373
scaff_group005	JAEPEU010007891.1	89781	107850154
scaff_group005	JAEPEU010007119.1	89834	107939988
scaff_group005	JAEPEU010009685.1	89944	108029932
scaff_group005	JAEPEU010007994.1	90054	108119986
scaff_group005	JAEPEU010006169.1	90085	108210071
scaff_group005	JAEPEU010000063.1	90193	108300264
scaff_group005	JAEPEU010006972.1	90226	108390490
scaff_group005	JAEPEU010004519.1	90232	108480722
scaff_group005	JAEPEU010001758.1	90458	108571180
scaff_group005	JAEPEU010005910.1	90463	108661643
scaff_group005	JAEPEU010005689.1	90530	108752173
scaff_group005	JAEPEU010001357.1	90562	108842735
scaff_group005	JAEPEU010007970.1	90738	108933473
scaff_group005	JAEPEU010006406.1	90816	109024289
scaff_group005	JAEPEU010008377.1	91095	109115384
scaff_group005	JAEPEU010002575.1	91312	109206696
scaff_group005	JAEPEU010007951.1	91343	109298039
scaff_group005	JAEPEU010006515.1	91353	109389392
scaff_group005	JAEPEU010008670.1	91390	109480782
scaff_group005	JAEPEU010006145.1	91481	109572263
scaff_group005	JAEPEU010001940.1	91503	109663766
scaff_group005	JAEPEU010008607.1	91503	109755269
scaff_group005	JAEPEU010002318.1	91621	109846890
scaff_group005	JAEPEU010007085.1	91694	109938584
scaff_group005	JAEPEU010000698.1	91730	110030314
scaff_group005	JAEPEU010006982.1	91894	110122208
scaff_group005	JAEPEU010009406.1	91913	110214121
scaff_group005	JAEPEU010005679.1	91946	110306067
scaff_group005	JAEPEU010005899.1	92009	110398076
scaff_group005	JAEPEU010003459.1	92119	110490195
scaff_group005	JAEPEU010008145.1	92374	110582569
scaff_group005	JAEPEU010008128.1	92485	110675054
scaff_group005	JAEPEU010007360.1	92569	110767623
scaff_group005	JAEPEU010003647.1	92614	110860237
scaff_group005	JAEPEU010000203.1	92690	110952927
scaff_group005	JAEPEU010004638.1	92716	111045643
scaff_group005	JAEPEU010002450.1	92720	111138363
scaff_group005	JAEPEU010004634.1	92736	111231099
scaff_group005	JAEPEU010002122.1	92902	111324001
scaff_group005	JAEPEU010007457.1	93022	111417023
scaff_group005	JAEPEU010006254.1	93090	111510113
scaff_group005	JAEPEU010007413.1	93096	111603209
scaff_group005	JAEPEU010006106.1	93107	111696316
scaff_group005	JAEPEU010003690.1	93193	111789509
scaff_group005	JAEPEU010003828.1	93238	111882747
scaff_group005	JAEPEU010000741.1	93338	111976085
scaff_group005	JAEPEU010006826.1	93453	112069538
scaff_group005	JAEPEU010007392.1	93495	112163033
scaff_group005	JAEPEU010001856.1	93502	112256535
scaff_group005	JAEPEU010001210.1	93571	112350106
scaff_group005	JAEPEU010004656.1	93586	112443692
scaff_group005	JAEPEU010007161.1	93771	112537463
scaff_group005	JAEPEU010003429.1	93922	112631385
scaff_group005	JAEPEU010006498.1	94039	112725424
scaff_group005	JAEPEU010004653.1	94060	112819484
scaff_group005	JAEPEU010002400.1	94073	112913557
scaff_group005	JAEPEU010008563.1	94166	113007723
scaff_group005	JAEPEU010006039.1	94452	113102175
scaff_group005	JAEPEU010003562.1	94588	113196763
scaff_group005	JAEPEU010007249.1	94590	113291353
scaff_group005	JAEPEU010004707.1	94766	113386119
scaff_group005	JAEPEU010008808.1	94997	113481116
scaff_group005	JAEPEU010002409.1	95174	113576290
scaff_group005	JAEPEU010008713.1	95226	113671516
scaff_group005	JAEPEU010004758.1	95251	113766767
scaff_group005	JAEPEU010004627.1	95309	113862076
scaff_group005	JAEPEU010003364.1	95332	113957408
scaff_group005	JAEPEU010009839.1	95460	114052868
scaff_group005	JAEPEU010006383.1	95646	114148514
scaff_group005	JAEPEU010001637.1	95684	114244198
scaff_group005	JAEPEU010005856.1	95834	114340032
scaff_group005	JAEPEU010004625.1	95933	114435965
scaff_group005	JAEPEU010008676.1	95941	114531906
scaff_group005	JAEPEU010009682.1	96027	114627933
scaff_group005	JAEPEU010008124.1	96140	114724073
scaff_group005	JAEPEU010000222.1	96184	114820257
scaff_group005	JAEPEU010003238.1	96296	114916553
scaff_group005	JAEPEU010001523.1	96344	115012897
scaff_group005	JAEPEU010006314.1	96366	115109263
scaff_group005	JAEPEU010001533.1	96378	115205641
scaff_group005	JAEPEU010004220.1	96456	115302097
scaff_group005	JAEPEU010005966.1	96538	115398635
scaff_group005	JAEPEU010006434.1	96550	115495185
scaff_group005	JAEPEU010006969.1	96576	115591761
scaff_group005	JAEPEU010006907.1	96715	115688476
scaff_group005	JAEPEU010005200.1	96774	115785250
scaff_group005	JAEPEU010003863.1	96889	115882139
scaff_group005	JAEPEU010000066.1	96928	115979067
scaff_group005	JAEPEU010008383.1	97268	116076335
scaff_group005	JAEPEU010006136.1	97324	116173659
scaff_group005	JAEPEU010007172.1	97354	116271013
scaff_group005	JAEPEU010006538.1	97522	116368535
scaff_group005	JAEPEU010006467.1	97577	116466112
scaff_group005	JAEPEU010008558.1	97650	116563762
scaff_group005	JAEPEU010007914.1	97846	116661608
scaff_group006	JAEPEU010002953.1	98083	116759691
scaff_group006	JAEPEU010006564.1	98111	116857802
scaff_group006	JAEPEU010002693.1	98154	116955956
scaff_group006	JAEPEU010003139.1	98245	117054201
scaff_group006	JAEPEU010006175.1	98268	117152469
scaff_group006	JAEPEU010006373.1	98359	117250828
scaff_group006	JAEPEU010005838.1	98574	117349402
scaff_group006	JAEPEU010005682.1	98649	117448051
scaff_group006	JAEPEU010005236.1	98693	117546744
scaff_group006	JAEPEU010004026.1	98699	117645443
scaff_group006	JAEPEU010009447.1	98740	117744183
scaff_group006	JAEPEU010008433.1	98785	117842968
scaff_group006	JAEPEU010003566.1	98860	117941828
scaff_group006	JAEPEU010003161.1	98939	118040767
scaff_group006	JAEPEU010005884.1	99081	118139848
scaff_group006	JAEPEU010003020.1	99093	118238941
scaff_group006	JAEPEU010008474.1	99095	118338036
scaff_group006	JAEPEU010004765.1	99276	118437312
scaff_group006	JAEPEU010004524.1	99323	118536635
scaff_group006	JAEPEU010003779.1	99371	118636006
scaff_group006	JAEPEU010002729.1	99568	118735574
scaff_group006	JAEPEU010001718.1	99682	118835256
scaff_group006	JAEPEU010009294.1	99686	118934942
scaff_group006	JAEPEU010009720.1	99898	119034840
scaff_group006	JAEPEU010008882.1	99964	119134804
scaff_group006	JAEPEU010005617.1	100021	119234825
scaff_group006	JAEPEU010008685.1	100580	119335405
scaff_group006	JAEPEU010007337.1	100652	119436057
scaff_group006	JAEPEU010006798.1	100735	119536792
scaff_group006	JAEPEU010009036.1	100871	119637663
scaff_group006	JAEPEU010001116.1	100922	119738585
scaff_group006	JAEPEU010006031.1	101014	119839599
scaff_group006	JAEPEU010007242.1	101068	119940667
scaff_group006	JAEPEU010005844.1	101109	120041776
scaff_group006	JAEPEU010005989.1	101171	120142947
scaff_group006	JAEPEU010000373.1	101405	120244352
scaff_group006	JAEPEU010007097.1	101606	120345958
scaff_group006	JAEPEU010006906.1	101658	120447616
scaff_group006	JAEPEU010007711.1	101686	120549302
scaff_group006	JAEPEU010005085.1	101752	120651054
scaff_group006	JAEPEU010008669.1	102087	120753141
scaff_group006	JAEPEU010006398.1	102258	120855399
scaff_group006	JAEPEU010002223.1	102432	120957831
scaff_group006	JAEPEU010006663.1	102449	121060280
scaff_group006	JAEPEU010005801.1	102457	121162737
scaff_group006	JAEPEU010004817.1	102564	121265301
scaff_group006	JAEPEU010005707.1	102797	121368098
scaff_group006	JAEPEU010007636.1	102841	121470939
scaff_group006	JAEPEU010008148.1	102848	121573787
scaff_group006	JAEPEU010005940.1	102858	121676645
scaff_group006	JAEPEU010000178.1	102942	121779587
scaff_group006	JAEPEU010006745.1	102967	121882554
scaff_group006	JAEPEU010004176.1	103142	121985696
scaff_group006	JAEPEU010001618.1	103286	122088982
scaff_group006	JAEPEU010001335.1	103568	122192550
scaff_group006	JAEPEU010008687.1	103797	122296347
scaff_group006	JAEPEU010007486.1	103803	122400150
scaff_group006	JAEPEU010002557.1	103959	122504109
scaff_group006	JAEPEU010007875.1	103974	122608083
scaff_group006	JAEPEU010001297.1	103996	122712079
scaff_group006	JAEPEU010003781.1	104074	122816153
scaff_group006	JAEPEU010004251.1	104079	122920232
scaff_group006	JAEPEU010006232.1	104186	123024418
scaff_group006	JAEPEU010009278.1	104202	123128620
scaff_group006	JAEPEU010002031.1	104394	123233014
scaff_group006	JAEPEU010000204.1	104397	123337411
scaff_group006	JAEPEU010009873.1	104454	123441865
scaff_group006	JAEPEU010004865.1	104480	123546345
scaff_group006	JAEPEU010003737.1	104785	123651130
scaff_group006	JAEPEU010008495.1	104941	123756071
scaff_group006	JAEPEU010005010.1	105022	123861093
scaff_group006	JAEPEU010000715.1	105239	123966332
scaff_group006	JAEPEU010002013.1	105672	124072004
scaff_group006	JAEPEU010000320.1	106128	124178132
scaff_group006	JAEPEU010003818.1	106182	124284314
scaff_group006	JAEPEU010000850.1	106262	124390576
scaff_group006	JAEPEU010009431.1	106303	124496879
scaff_group006	JAEPEU010002201.1	106502	124603381
scaff_group006	JAEPEU010002866.1	106503	124709884
scaff_group006	JAEPEU010005164.1	106524	124816408
scaff_group006	JAEPEU010000843.1	106613	124923021
scaff_group006	JAEPEU010005746.1	106718	125029739
scaff_group006	JAEPEU010005028.1	106901	125136640
scaff_group006	JAEPEU010007627.1	107136	125243776
scaff_group006	JAEPEU010006455.1	107256	125351032
scaff_group006	JAEPEU010006451.1	107285	125458317
scaff_group006	JAEPEU010007468.1	107285	125565602
scaff_group006	JAEPEU010001920.1	107418	125673020
scaff_group006	JAEPEU010004131.1	107483	125780503
scaff_group006	JAEPEU010009065.1	107564	125888067
scaff_group006	JAEPEU010005174.1	107630	125995697
scaff_group006	JAEPEU010006598.1	107654	126103351
scaff_group006	JAEPEU010007011.1	107931	126211282
scaff_group006	JAEPEU010003862.1	108029	126319311
scaff_group006	JAEPEU010005453.1	108117	126427428
scaff_group006	JAEPEU010005041.1	108257	126535685
scaff_group006	JAEPEU010007908.1	108451	126644136
scaff_group006	JAEPEU010005503.1	108712	126752848
scaff_group006	JAEPEU010006552.1	108866	126861714
scaff_group006	JAEPEU010004958.1	109421	126971135
scaff_group006	JAEPEU010008947.1	109497	127080632
scaff_group006	JAEPEU010007898.1	109658	127190290
scaff_group006	JAEPEU010005181.1	109701	127299991
scaff_group006	JAEPEU010005685.1	109919	127409910
scaff_group006	JAEPEU010000669.1	109956	127519866
scaff_group006	JAEPEU010000086.1	110010	127629876
scaff_group006	JAEPEU010006791.1	110167	127740043
scaff_group006	JAEPEU010000729.1	110247	127850290
scaff_group006	JAEPEU010008279.1	110680	127960970
scaff_group006	JAEPEU010000257.1	110719	128071689
scaff_group006	JAEPEU010009926.1	110824	128182513
scaff_group006	JAEPEU010006423.1	111028	128293541
scaff_group006	JAEPEU010003523.1	111088	128404629
scaff_group006	JAEPEU010004240.1	111106	128515735
scaff_group006	JAEPEU010009001.1	111215	128626950
scaff_group006	JAEPEU010005166.1	111327	128738277
scaff_group006	JAEPEU010007638.1	111452	128849729
scaff_group006	JAEPEU010008010.1	111494	128961223
scaff_group006	JAEPEU010004663.1	111516	129072739
scaff_group006	JAEPEU010001074.1	111520	129184259
scaff_group006	JAEPEU010005669.1	111635	129295894
scaff_group006	JAEPEU010005918.1	111854	129407748
scaff_group006	JAEPEU010005835.1	111909	129519657
scaff_group006	JAEPEU010007185.1	112284	129631941
scaff_group006	JAEPEU010005452.1	112375	129744316
scaff_group006	JAEPEU010006363.1	112478	129856794
scaff_group006	JAEPEU010005615.1	112509	129969303
scaff_group006	JAEPEU010007563.1	112646	130081949
scaff_group006	JAEPEU010008075.1	112705	130194654
scaff_group006	JAEPEU010007325.1	112865	130307519
scaff_group006	JAEPEU010001926.1	113024	130420543
scaff_group006	JAEPEU010004822.1	113305	130533848
scaff_group006	JAEPEU010006448.1	113321	130647169
scaff_group006	JAEPEU010001696.1	113437	130760606
scaff_group006	JAEPEU010000537.1	113520	130874126
scaff_group006	JAEPEU010005764.1	113632	130987758
scaff_group006	JAEPEU010007988.1	113634	131101392
scaff_group006	JAEPEU010003092.1	113788	131215180
scaff_group006	JAEPEU010004607.1	113816	131328996
scaff_group006	JAEPEU010005721.1	114161	131443157
scaff_group006	JAEPEU010005523.1	114173	131557330
scaff_group006	JAEPEU010004969.1	114214	131671544
scaff_group006	JAEPEU010004551.1	114419	131785963
scaff_group006	JAEPEU010001379.1	114638	131900601
scaff_group006	JAEPEU010001433.1	114639	132015240
scaff_group006	JAEPEU010006384.1	114740	132129980
scaff_group006	JAEPEU010001939.1	114773	132244753
scaff_group006	JAEPEU010005165.1	114790	132359543
scaff_group006	JAEPEU010006459.1	114841	132474384
scaff_group006	JAEPEU010001077.1	114854	132589238
scaff_group006	JAEPEU010006556.1	114881	132704119
scaff_group006	JAEPEU010006115.1	114887	132819006
scaff_group006	JAEPEU010008248.1	114961	132933967
scaff_group006	JAEPEU010001938.1	114981	133048948
scaff_group006	JAEPEU010008389.1	115747	133164695
scaff_group006	JAEPEU010007498.1	115755	133280450
scaff_group006	JAEPEU010006583.1	115822	133396272
scaff_group006	JAEPEU010007139.1	115852	133512124
scaff_group006	JAEPEU010004572.1	116066	133628190
scaff_group006	JAEPEU010002913.1	116124	133744314
scaff_group006	JAEPEU010003565.1	116208	133860522
scaff_group006	JAEPEU010004862.1	116468	133976990
scaff_group006	JAEPEU010004827.1	116507	134093497
scaff_group006	JAEPEU010005156.1	116801	134210298
scaff_group006	JAEPEU010000091.1	116893	134327191
scaff_group006	JAEPEU010003956.1	116953	134444144
scaff_group006	JAEPEU010005766.1	117250	134561394
scaff_group006	JAEPEU010005582.1	117600	134678994
scaff_group006	JAEPEU010009449.1	117724	134796718
scaff_group006	JAEPEU010008937.1	117832	134914550
scaff_group006	JAEPEU010005677.1	117888	135032438
scaff_group006	JAEPEU010008054.1	118019	135150457
scaff_group006	JAEPEU010005560.1	118126	135268583
scaff_group006	JAEPEU010005422.1	118182	135386765
scaff_group006	JAEPEU010008573.1	118302	135505067
scaff_group006	JAEPEU010009127.1	118338	135623405
scaff_group006	JAEPEU010000490.1	118624	135742029
scaff_group006	JAEPEU010008169.1	118721	135860750
scaff_group006	JAEPEU010004526.1	118839	135979589
scaff_group006	JAEPEU010006319.1	118872	136098461
scaff_group006	JAEPEU010000339.1	119324	136217785
scaff_group006	JAEPEU010006944.1	119360	136337145
scaff_group006	JAEPEU010001238.1	119467	136456612
scaff_group006	JAEPEU010000734.1	119551	136576163
scaff_group006	JAEPEU010006272.1	119890	136696053
scaff_group006	JAEPEU010006694.1	120061	136816114
scaff_group006	JAEPEU010006928.1	120071	136936185
scaff_group006	JAEPEU010000075.1	120077	137056262
scaff_group006	JAEPEU010005857.1	120214	137176476
scaff_group006	JAEPEU010007577.1	120277	137296753
scaff_group006	JAEPEU010005666.1	120350	137417103
scaff_group006	JAEPEU010001622.1	120423	137537526
scaff_group006	JAEPEU010006820.1	120504	137658030
scaff_group006	JAEPEU010000773.1	120575	137778605
scaff_group006	JAEPEU010000098.1	120683	137899288
scaff_group006	JAEPEU010007626.1	120989	138020277
scaff_group006	JAEPEU010007333.1	121432	138141709
scaff_group006	JAEPEU010008475.1	121882	138263591
scaff_group006	JAEPEU010009809.1	121983	138385574
scaff_group006	JAEPEU010005502.1	122117	138507691
scaff_group006	JAEPEU010008100.1	122428	138630119
scaff_group006	JAEPEU010001005.1	122440	138752559
scaff_group006	JAEPEU010007834.1	122807	138875366
scaff_group006	JAEPEU010005833.1	122920	138998286
scaff_group006	JAEPEU010008415.1	122920	139121206
scaff_group006	JAEPEU010006761.1	123047	139244253
scaff_group006	JAEPEU010007838.1	123090	139367343
scaff_group006	JAEPEU010008918.1	123093	139490436
scaff_group006	JAEPEU010008139.1	123243	139613679
scaff_group006	JAEPEU010007630.1	123270	139736949
scaff_group006	JAEPEU010006170.1	123795	139860744
scaff_group006	JAEPEU010005148.1	123879	139984623
scaff_group007	JAEPEU010004738.1	124043	140108666
scaff_group007	JAEPEU010007215.1	124315	140232981
scaff_group007	JAEPEU010007570.1	124356	140357337
scaff_group007	JAEPEU010007776.1	124373	140481710
scaff_group007	JAEPEU010001916.1	124465	140606175
scaff_group007	JAEPEU010007557.1	124678	140730853
scaff_group007	JAEPEU010008221.1	124818	140855671
scaff_group007	JAEPEU010005889.1	124885	140980556
scaff_group007	JAEPEU010004576.1	125047	141105603
scaff_group007	JAEPEU010006897.1	125311	141230914
scaff_group007	JAEPEU010004932.1	125330	141356244
scaff_group007	JAEPEU010008929.1	125495	141481739
scaff_group007	JAEPEU010005027.1	125765	141607504
scaff_group007	JAEPEU010005205.1	125859	141733363
scaff_group007	JAEPEU010009643.1	126009	141859372
scaff_group007	JAEPEU010009904.1	126043	141985415
scaff_group007	JAEPEU010008863.1	126069	142111484
scaff_group007	JAEPEU010004950.1	126139	142237623
scaff_group007	JAEPEU010007956.1	126225	142363848
scaff_group007	JAEPEU010006737.1	126318	142490166
scaff_group007	JAEPEU010009734.1	126322	142616488
scaff_group007	JAEPEU010005657.1	126588	142743076
scaff_group007	JAEPEU010006796.1	126627	142869703
scaff_group007	JAEPEU010009828.1	126688	142996391
scaff_group007	JAEPEU010005421.1	126786	143123177
scaff_group007	JAEPEU010004995.1	127146	143250323
scaff_group007	JAEPEU010005879.1	127339	143377662
scaff_group007	JAEPEU010001911.1	127448	143505110
scaff_group007	JAEPEU010009892.1	127690	143632800
scaff_group007	JAEPEU010007519.1	127969	143760769
scaff_group007	JAEPEU010000992.1	127975	143888744
scaff_group007	JAEPEU010008032.1	128118	144016862
scaff_group007	JAEPEU010001605.1	128190	144145052
scaff_group007	JAEPEU010001315.1	128627	144273679
scaff_group007	JAEPEU010007748.1	128740	144402419
scaff_group007	JAEPEU010008913.1	128840	144531259
scaff_group007	JAEPEU010001649.1	128968	144660227
scaff_group007	JAEPEU010007674.1	129316	144789543
scaff_group007	JAEPEU010005038.1	129451	144918994
scaff_group007	JAEPEU010004515.1	129479	145048473
scaff_group007	JAEPEU010004546.1	129597	145178070
scaff_group007	JAEPEU010004667.1	129898	145307968
scaff_group007	JAEPEU010007505.1	129935	145437903
scaff_group007	JAEPEU010005882.1	129982	145567885
scaff_group007	JAEPEU010008026.1	130037	145697922
scaff_group007	JAEPEU010005957.1	130205	145828127
scaff_group007	JAEPEU010001152.1	130270	145958397
scaff_group007	JAEPEU010004078.1	130300	146088697
scaff_group007	JAEPEU010006131.1	130578	146219275
scaff_group007	JAEPEU010008777.1	130616	146349891
scaff_group007	JAEPEU010005403.1	130675	146480566
scaff_group007	JAEPEU010001385.1	130713	146611279
scaff_group007	JAEPEU010009658.1	130761	146742040
scaff_group007	JAEPEU010006784.1	130797	146872837
scaff_group007	JAEPEU010005209.1	131122	147003959
scaff_group007	JAEPEU010006620.1	131225	147135184
scaff_group007	JAEPEU010004556.1	131323	147266507
scaff_group007	JAEPEU010009723.1	131356	147397863
scaff_group007	JAEPEU010002778.1	131660	147529523
scaff_group007	JAEPEU010000508.1	131966	147661489
scaff_group007	JAEPEU010007311.1	132056	147793545
scaff_group007	JAEPEU010006176.1	132088	147925633
scaff_group007	JAEPEU010007854.1	132158	148057791
scaff_group007	JAEPEU010003122.1	132296	148190087
scaff_group007	JAEPEU010008965.1	132392	148322479
scaff_group007	JAEPEU010000090.1	132404	148454883
scaff_group007	JAEPEU010009231.1	132755	148587638
scaff_group007	JAEPEU010005479.1	132758	148720396
scaff_group007	JAEPEU010004423.1	133132	148853528
scaff_group007	JAEPEU010003276.1	133221	148986749
scaff_group007	JAEPEU010009635.1	133372	149120121
scaff_group007	JAEPEU010005450.1	133471	149253592
scaff_group007	JAEPEU010009538.1	133533	149387125
scaff_group007	JAEPEU010004589.1	133696	149520821
scaff_group007	JAEPEU010009303.1	133773	149654594
scaff_group007	JAEPEU010004911.1	134302	149788896
scaff_group007	JAEPEU010000374.1	134317	149923213
scaff_group007	JAEPEU010005890.1	134550	150057763
scaff_group007	JAEPEU010006963.1	134697	150192460
scaff_group007	JAEPEU010005230.1	134884	150327344
scaff_group007	JAEPEU010007567.1	135042	150462386
scaff_group007	JAEPEU010003398.1	135062	150597448
scaff_group007	JAEPEU010003112.1	135131	150732579
scaff_group007	JAEPEU010004647.1	135446	150868025
scaff_group007	JAEPEU010008005.1	135463	151003488
scaff_group007	JAEPEU010005795.1	135589	151139077
scaff_group007	JAEPEU010005446.1	135667	151274744
scaff_group007	JAEPEU010005191.1	135682	151410426
scaff_group007	JAEPEU010002930.1	136759	151547185
scaff_group007	JAEPEU010008655.1	137075	151684260
scaff_group007	JAEPEU010007095.1	137214	151821474
scaff_group007	JAEPEU010006275.1	137323	151958797
scaff_group007	JAEPEU010003745.1	137342	152096139
scaff_group007	JAEPEU010005472.1	137547	152233686
scaff_group007	JAEPEU010006716.1	138073	152371759
scaff_group007	JAEPEU010008263.1	138728	152510487
scaff_group007	JAEPEU010001096.1	138811	152649298
scaff_group007	JAEPEU010005571.1	138921	152788219
scaff_group007	JAEPEU010000761.1	139512	152927731
scaff_group007	JAEPEU010005118.1	139574	153067305
scaff_group007	JAEPEU010009749.1	139582	153206887
scaff_group007	JAEPEU010005925.1	139622	153346509
scaff_group007	JAEPEU010005711.1	139649	153486158
scaff_group007	JAEPEU010001316.1	139720	153625878
scaff_group007	JAEPEU010008884.1	140272	153766150
scaff_group007	JAEPEU010005097.1	140553	153906703
scaff_group007	JAEPEU010000532.1	140659	154047362
scaff_group007	JAEPEU010004925.1	140737	154188099
scaff_group007	JAEPEU010006255.1	140824	154328923
scaff_group007	JAEPEU010008862.1	140929	154469852
scaff_group007	JAEPEU010005644.1	141080	154610932
scaff_group007	JAEPEU010008457.1	141993	154752925
scaff_group007	JAEPEU010009446.1	142401	154895326
scaff_group007	JAEPEU010003155.1	142482	155037808
scaff_group007	JAEPEU010002319.1	142709	155180517
scaff_group007	JAEPEU010009400.1	142922	155323439
scaff_group007	JAEPEU010005017.1	143264	155466703
scaff_group007	JAEPEU010007954.1	143365	155610068
scaff_group007	JAEPEU010000522.1	143391	155753459
scaff_group007	JAEPEU010008527.1	143471	155896930
scaff_group007	JAEPEU010005345.1	143479	156040409
scaff_group007	JAEPEU010003077.1	144820	156185229
scaff_group007	JAEPEU010003541.1	144959	156330188
scaff_group007	JAEPEU010000299.1	145105	156475293
scaff_group007	JAEPEU010000295.1	145298	156620591
scaff_group007	JAEPEU010008632.1	145538	156766129
scaff_group007	JAEPEU010005182.1	145544	156911673
scaff_group007	JAEPEU010007918.1	145774	157057447
scaff_group007	JAEPEU010002357.1	146042	157203489
scaff_group007	JAEPEU010006217.1	146057	157349546
scaff_group007	JAEPEU010004709.1	146141	157495687
scaff_group007	JAEPEU010004404.1	146326	157642013
scaff_group007	JAEPEU010007606.1	146592	157788605
scaff_group007	JAEPEU010006778.1	146864	157935469
scaff_group007	JAEPEU010008105.1	147088	158082557
scaff_group007	JAEPEU010009535.1	147124	158229681
scaff_group007	JAEPEU010008153.1	147235	158376916
scaff_group007	JAEPEU010005266.1	147457	158524373
scaff_group007	JAEPEU010001390.1	147546	158671919
scaff_group007	JAEPEU010000468.1	147623	158819542
scaff_group007	JAEPEU010006173.1	147960	158967502
scaff_group007	JAEPEU010000384.1	148059	159115561
scaff_group007	JAEPEU010000492.1	148183	159263744
scaff_group007	JAEPEU010000866.1	149678	159413422
scaff_group007	JAEPEU010002799.1	150507	159563929
scaff_group007	JAEPEU010005914.1	151045	159714974
scaff_group007	JAEPEU010005664.1	151421	159866395
scaff_group007	JAEPEU010009689.1	151576	160017971
scaff_group007	JAEPEU010004535.1	152194	160170165
scaff_group007	JAEPEU010007419.1	152756	160322921
scaff_group007	JAEPEU010006044.1	153562	160476483
scaff_group007	JAEPEU010006380.1	153630	160630113
scaff_group007	JAEPEU010005194.1	153870	160783983
scaff_group007	JAEPEU010006241.1	153938	160937921
scaff_group007	JAEPEU010003174.1	154670	161092591
scaff_group007	JAEPEU010001951.1	155289	161247880
scaff_group007	JAEPEU010002487.1	155354	161403234
scaff_group007	JAEPEU010000069.1	155562	161558796
scaff_group007	JAEPEU010002555.1	155679	161714475
scaff_group007	JAEPEU010005135.1	155733	161870208
scaff_group007	JAEPEU010007933.1	155959	162026167
scaff_group007	JAEPEU010008056.1	157095	162183262
scaff_group007	JAEPEU010000697.1	157162	162340424
scaff_group007	JAEPEU010007148.1	157379	162497803
scaff_group007	JAEPEU010000183.1	157548	162655351
scaff_group007	JAEPEU010002807.1	157785	162813136
scaff_group007	JAEPEU010007315.1	158071	162971207
scaff_group007	JAEPEU010007805.1	158211	163129418
scaff_group007	JAEPEU010009738.1	158591	163288009
scaff_group008	JAEPEU010000346.1	158675	163446684
scaff_group008	JAEPEU010004108.1	158711	163605395
scaff_group008	JAEPEU010007019.1	158818	163764213
scaff_group008	JAEPEU010008598.1	159401	163923614
scaff_group008	JAEPEU010001922.1	159510	164083124
scaff_group008	JAEPEU010009038.1	160026	164243150
scaff_group008	JAEPEU010009669.1	160129	164403279
scaff_group008	JAEPEU010007308.1	160249	164563528
scaff_group008	JAEPEU010003179.1	160675	164724203
scaff_group008	JAEPEU010005068.1	160897	164885100
scaff_group008	JAEPEU010004088.1	161026	165046126
scaff_group008	JAEPEU010000052.1	161124	165207250
scaff_group008	JAEPEU010003177.1	161188	165368438
scaff_group008	JAEPEU010009185.1	161607	165530045
scaff_group008	JAEPEU010001062.1	161670	165691715
scaff_group008	JAEPEU010000647.1	161727	165853442
scaff_group008	JAEPEU010000640.1	161752	166015194
scaff_group008	JAEPEU010003437.1	161908	166177102
scaff_group008	JAEPEU010006214.1	162166	166339268
scaff_group008	JAEPEU010003908.1	162209	166501477
scaff_group008	JAEPEU010005785.1	162543	166664020
scaff_group008	JAEPEU010009541.1	162614	166826634
scaff_group008	JAEPEU010007443.1	162690	166989324
scaff_group008	JAEPEU010006067.1	163575	167152899
scaff_group008	JAEPEU010006998.1	164220	167317119
scaff_group008	JAEPEU010006645.1	164511	167481630
scaff_group008	JAEPEU010006508.1	164788	167646418
scaff_group008	JAEPEU010005708.1	165388	167811806
scaff_group008	JAEPEU010001825.1	165402	167977208
scaff_group008	JAEPEU010008529.1	165708	168142916
scaff_group008	JAEPEU010007021.1	165816	168308732
scaff_group008	JAEPEU010003773.1	165971	168474703
scaff_group008	JAEPEU010006012.1	166485	168641188
scaff_group008	JAEPEU010000344.1	166941	168808129
scaff_group008	JAEPEU010005565.1	167038	168975167
scaff_group008	JAEPEU010006387.1	168258	169143425
scaff_group008	JAEPEU010005160.1	168362	169311787
scaff_group008	JAEPEU010006648.1	169469	169481256
scaff_group008	JAEPEU010004908.1	169499	169650755
scaff_group008	JAEPEU010002091.1	170646	169821401
scaff_group008	JAEPEU010009746.1	170911	169992312
scaff_group008	JAEPEU010006525.1	171084	170163396
scaff_group008	JAEPEU010007778.1	172279	170335675
scaff_group008	JAEPEU010005585.1	172525	170508200
scaff_group008	JAEPEU010008118.1	172634	170680834
scaff_group008	JAEPEU010005945.1	172846	170853680
scaff_group008	JAEPEU010004155.1	172919	171026599
scaff_group008	JAEPEU010000474.1	173034	171199633
scaff_group008	JAEPEU010009032.1	173608	171373241
scaff_group008	JAEPEU010000705.1	174280	171547521
scaff_group008	JAEPEU010000027.1	174481	171722002
scaff_group008	JAEPEU010006549.1	174918	171896920
scaff_group008	JAEPEU010007945.1	175185	172072105
scaff_group008	JAEPEU010007233.1	175553	172247658
scaff_group008	JAEPEU010005008.1	176187	172423845
scaff_group008	JAEPEU010001549.1	176386	172600231
scaff_group008	JAEPEU010007212.1	176537	172776768
scaff_group008	JAEPEU010003509.1	176996	172953764
scaff_group008	JAEPEU010000867.1	177290	173131054
scaff_group008	JAEPEU010005852.1	177976	173309030
scaff_group008	JAEPEU010006258.1	178564	173487594
scaff_group008	JAEPEU010000649.1	178565	173666159
scaff_group008	JAEPEU010001706.1	179029	173845188
scaff_group008	JAEPEU010000512.1	179039	174024227
scaff_group008	JAEPEU010008303.1	179748	174203975
scaff_group008	JAEPEU010003420.1	179827	174383802
scaff_group008	JAEPEU010007012.1	179880	174563682
scaff_group008	JAEPEU010009482.1	180132	174743814
scaff_group008	JAEPEU010000967.1	180396	174924210
scaff_group008	JAEPEU010005561.1	180585	175104795
scaff_group008	JAEPEU010008172.1	180677	175285472
scaff_group008	JAEPEU010008459.1	181134	175466606
scaff_group008	JAEPEU010001561.1	181252	175647858
scaff_group008	JAEPEU010004691.1	181330	175829188
scaff_group008	JAEPEU010005819.1	181905	176011093
scaff_group008	JAEPEU010007844.1	182552	176193645
scaff_group008	JAEPEU010005447.1	182647	176376292
scaff_group008	JAEPEU010003834.1	182839	176559131
scaff_group008	JAEPEU010006758.1	183363	176742494
scaff_group008	JAEPEU010005703.1	183602	176926096
scaff_group008	JAEPEU010009382.1	183952	177110048
scaff_group008	JAEPEU010003408.1	184449	177294497
scaff_group008	JAEPEU010000972.1	184466	177478963
scaff_group008	JAEPEU010005530.1	184510	177663473
scaff_group008	JAEPEU010006626.1	184654	177848127
scaff_group008	JAEPEU010004677.1	184912	178033039
scaff_group008	JAEPEU010006144.1	185977	178219016
scaff_group008	JAEPEU010006636.1	186094	178405110
scaff_group008	JAEPEU010000553.1	186471	178591581
scaff_group008	JAEPEU010000544.1	187226	178778807
scaff_group008	JAEPEU010009204.1	187521	178966328
scaff_group008	JAEPEU010004991.1	187583	179153911
scaff_group008	JAEPEU010005267.1	187655	179341566
scaff_group008	JAEPEU010005947.1	188094	179529660
scaff_group008	JAEPEU010007571.1	188410	179718070
scaff_group008	JAEPEU010001111.1	188450	179906520
scaff_group008	JAEPEU010009756.1	188637	180095157
scaff_group008	JAEPEU010005625.1	189198	180284355
scaff_group008	JAEPEU010009297.1	190549	180474904
scaff_group008	JAEPEU010006460.1	190903	180665807
scaff_group008	JAEPEU010009649.1	191037	180856844
scaff_group008	JAEPEU010004685.1	191400	181048244
scaff_group008	JAEPEU010006961.1	191478	181239722
scaff_group008	JAEPEU010001165.1	191727	181431449
scaff_group008	JAEPEU010000501.1	192006	181623455
scaff_group008	JAEPEU010001977.1	192901	181816356
scaff_group008	JAEPEU010002849.1	193236	182009592
scaff_group008	JAEPEU010002446.1	193404	182202996
scaff_group008	JAEPEU010000977.1	193547	182396543
scaff_group008	JAEPEU010006216.1	194655	182591198
scaff_group008	JAEPEU010006529.1	195138	182786336
scaff_group008	JAEPEU010004933.1	195331	182981667
scaff_group008	JAEPEU010001059.1	195380	183177047
scaff_group008	JAEPEU010007258.1	195759	183372806
scaff_group008	JAEPEU010005031.1	195933	183568739
scaff_group008	JAEPEU010007356.1	196445	183765184
scaff_group008	JAEPEU010003121.1	196687	183961871
scaff_group008	JAEPEU010008553.1	197269	184159140
scaff_group008	JAEPEU010009955.1	197367	184356507
scaff_group008	JAEPEU010003144.1	197520	184554027
scaff_group008	JAEPEU010004570.1	197553	184751580
scaff_group008	JAEPEU010008689.1	198537	184950117
scaff_group008	JAEPEU010002712.1	198553	185148670
scaff_group008	JAEPEU010004613.1	198784	185347454
scaff_group008	JAEPEU010000359.1	198790	185546244
scaff_group008	JAEPEU010009440.1	199363	185745607
scaff_group008	JAEPEU010000467.1	200073	185945680
scaff_group008	JAEPEU010006516.1	200182	186145862
scaff_group008	JAEPEU010006340.1	200590	186346452
scaff_group008	JAEPEU010007390.1	201279	186547731
scaff_group009	JAEPEU010000864.1	201388	186749119
scaff_group009	JAEPEU010006050.1	201797	186950916
scaff_group009	JAEPEU010005192.1	203533	187154449
scaff_group009	JAEPEU010009768.1	203974	187358423
scaff_group009	JAEPEU010004042.1	204098	187562521
scaff_group009	JAEPEU010005846.1	204308	187766829
scaff_group009	JAEPEU010005596.1	205603	187972432
scaff_group009	JAEPEU010005019.1	205645	188178077
scaff_group009	JAEPEU010006282.1	206079	188384156
scaff_group009	JAEPEU010002104.1	206611	188590767
scaff_group009	JAEPEU010000780.1	206649	188797416
scaff_group009	JAEPEU010007683.1	207129	189004545
scaff_group009	JAEPEU010000057.1	208430	189212975
scaff_group009	JAEPEU010006927.1	209037	189422012
scaff_group009	JAEPEU010004848.1	209052	189631064
scaff_group009	JAEPEU010005609.1	210142	189841206
scaff_group009	JAEPEU010000813.1	210891	190052097
scaff_group009	JAEPEU010006507.1	211737	190263834
scaff_group009	JAEPEU010009691.1	212381	190476215
scaff_group009	JAEPEU010008613.1	212569	190688784
scaff_group009	JAEPEU010003446.1	212914	190901698
scaff_group009	JAEPEU010004658.1	213291	191114989
scaff_group009	JAEPEU010001909.1	213720	191328709
scaff_group009	JAEPEU010002587.1	213833	191542542
scaff_group009	JAEPEU010008979.1	214160	191756702
scaff_group009	JAEPEU010001981.1	214191	191970893
scaff_group009	JAEPEU010006048.1	214553	192185446
scaff_group009	JAEPEU010005396.1	215032	192400478
scaff_group009	JAEPEU010000227.1	215124	192615602
scaff_group009	JAEPEU010001178.1	215288	192830890
scaff_group009	JAEPEU010009868.1	215389	193046279
scaff_group009	JAEPEU010009175.1	215621	193261900
scaff_group009	JAEPEU010000861.1	215842	193477742
scaff_group009	JAEPEU010008035.1	216653	193694395
scaff_group009	JAEPEU010000471.1	217019	193911414
scaff_group009	JAEPEU010003798.1	217335	194128749
scaff_group009	JAEPEU010009208.1	217900	194346649
scaff_group009	JAEPEU010007323.1	218496	194565145
scaff_group009	JAEPEU010002527.1	218633	194783778
scaff_group009	JAEPEU010005577.1	218844	195002622
scaff_group009	JAEPEU010002649.1	219120	195221742
scaff_group009	JAEPEU010009696.1	219351	195441093
scaff_group009	JAEPEU010008013.1	219392	195660485
scaff_group009	JAEPEU010002435.1	219635	195880120
scaff_group009	JAEPEU010004388.1	219796	196099916
scaff_group009	JAEPEU010009639.1	221616	196321532
scaff_group009	JAEPEU010001023.1	222021	196543553
scaff_group009	JAEPEU010006824.1	222988	196766541
scaff_group009	JAEPEU010009692.1	223534	196990075
scaff_group009	JAEPEU010004942.1	225010	197215085
scaff_group009	JAEPEU010004904.1	225783	197440868
scaff_group009	JAEPEU010001114.1	226021	197666889
scaff_group009	JAEPEU010006992.1	226406	197893295
scaff_group009	JAEPEU010006468.1	227578	198120873
scaff_group009	JAEPEU010007387.1	227837	198348710
scaff_group009	JAEPEU010005213.1	228438	198577148
scaff_group009	JAEPEU010005937.1	228630	198805778
scaff_group009	JAEPEU010006785.1	229071	199034849
scaff_group009	JAEPEU010000003.1	229866	199264715
scaff_group009	JAEPEU010005424.1	230982	199495697
scaff_group009	JAEPEU010007362.1	231303	199727000
scaff_group009	JAEPEU010000817.1	231660	199958660
scaff_group009	JAEPEU010001513.1	231932	200190592
scaff_group009	JAEPEU010005088.1	232835	200423427
scaff_group009	JAEPEU010001016.1	233313	200656740
scaff_group009	JAEPEU010005659.1	233497	200890237
scaff_group009	JAEPEU010008532.1	234605	201124842
scaff_group009	JAEPEU010008327.1	236565	201361407
scaff_group009	JAEPEU010008597.1	236724	201598131
scaff_group009	JAEPEU010009668.1	237486	201835617
scaff_group009	JAEPEU010007828.1	238676	202074293
scaff_group009	JAEPEU010006966.1	241549	202315842
scaff_group009	JAEPEU010000393.1	241626	202557468
scaff_group009	JAEPEU010009690.1	242651	202800119
scaff_group009	JAEPEU010004965.1	243386	203043505
scaff_group009	JAEPEU010005180.1	243513	203287018
scaff_group009	JAEPEU010001723.1	245555	203532573
scaff_group009	JAEPEU010006317.1	245605	203778178
scaff_group009	JAEPEU010002263.1	245936	204024114
scaff_group009	JAEPEU010005203.1	246333	204270447
scaff_group009	JAEPEU010000349.1	246751	204517198
scaff_group009	JAEPEU010008404.1	247623	204764821
scaff_group009	JAEPEU010006117.1	247693	205012514
scaff_group009	JAEPEU010006814.1	248071	205260585
scaff_group009	JAEPEU010005822.1	249797	205510382
scaff_group009	JAEPEU010000011.1	249930	205760312
scaff_group009	JAEPEU010007055.1	250260	206010572
scaff_group009	JAEPEU010007388.1	250762	206261334
scaff_group009	JAEPEU010005539.1	250990	206512324
scaff_group009	JAEPEU010000314.1	252665	206764989
scaff_group009	JAEPEU010006862.1	252810	207017799
scaff_group009	JAEPEU010000487.1	253504	207271303
scaff_group009	JAEPEU010005576.1	256552	207527855
scaff_group009	JAEPEU010005920.1	256939	207784794
scaff_group009	JAEPEU010009590.1	258034	208042828
scaff_group009	JAEPEU010004944.1	259575	208302403
scaff_group009	JAEPEU010005864.1	260292	208562695
scaff_group009	JAEPEU010000273.1	260681	208823376
scaff_group009	JAEPEU010008228.1	261576	209084952
scaff_group009	JAEPEU010006703.1	262643	209347595
scaff_group009	JAEPEU010002932.1	263533	209611128
scaff_group009	JAEPEU010005832.1	263543	209874671
scaff_group010	JAEPEU010005564.1	263724	210138395
scaff_group010	JAEPEU010007707.1	264765	210403160
scaff_group010	JAEPEU010005854.1	265457	210668617
scaff_group010	JAEPEU010004456.1	266704	210935321
scaff_group010	JAEPEU010000591.1	267148	211202469
scaff_group010	JAEPEU010004937.1	267532	211470001
scaff_group010	JAEPEU010005971.1	267603	211737604
scaff_group010	JAEPEU010009582.1	268888	212006492
scaff_group010	JAEPEU010006043.1	270933	212277425
scaff_group010	JAEPEU010009651.1	271265	212548690
scaff_group010	JAEPEU010005202.1	273050	212821740
scaff_group010	JAEPEU010008633.1	273093	213094833
scaff_group010	JAEPEU010002785.1	275453	213370286
scaff_group010	JAEPEU010007625.1	276532	213646818
scaff_group010	JAEPEU010009430.1	277304	213924122
scaff_group010	JAEPEU010004133.1	279786	214203908
scaff_group010	JAEPEU010003167.1	280002	214483910
scaff_group010	JAEPEU010006733.1	280370	214764280
scaff_group010	JAEPEU010000064.1	280519	215044799
scaff_group010	JAEPEU010002334.1	280913	215325712
scaff_group010	JAEPEU010000976.1	281337	215607049
scaff_group010	JAEPEU010002208.1	282948	215889997
scaff_group010	JAEPEU010001055.1	283131	216173128
scaff_group010	JAEPEU010001046.1	283472	216456600
scaff_group010	JAEPEU010009496.1	283857	216740457
scaff_group010	JAEPEU010001124.1	285258	217025715
scaff_group010	JAEPEU010000721.1	285647	217311362
scaff_group010	JAEPEU010000711.1	285814	217597176
scaff_group010	JAEPEU010009965.1	285867	217883043
scaff_group010	JAEPEU010003197.1	286020	218169063
scaff_group010	JAEPEU010007739.1	286559	218455622
scaff_group010	JAEPEU010006489.1	286563	218742185
scaff_group010	JAEPEU010009439.1	286776	219028961
scaff_group010	JAEPEU010005272.1	287730	219316691
scaff_group010	JAEPEU010006588.1	287820	219604511
scaff_group010	JAEPEU010001747.1	288246	219892757
scaff_group010	JAEPEU010003726.1	289406	220182163
scaff_group010	JAEPEU010008721.1	289455	220471618
scaff_group010	JAEPEU010006822.1	290568	220762186
scaff_group010	JAEPEU010001846.1	291910	221054096
scaff_group010	JAEPEU010000764.1	293473	221347569
scaff_group010	JAEPEU010007929.1	294100	221641669
scaff_group010	JAEPEU010004505.1	294211	221935880
scaff_group010	JAEPEU010001105.1	295112	222230992
scaff_group010	JAEPEU010009434.1	295369	222526361
scaff_group010	JAEPEU010000009.1	295561	222821922
scaff_group010	JAEPEU010005167.1	297071	223118993
scaff_group010	JAEPEU010006870.1	298618	223417611
scaff_group010	JAEPEU010007113.1	299176	223716787
scaff_group010	JAEPEU010007164.1	299353	224016140
scaff_group010	JAEPEU010005639.1	300042	224316182
scaff_group010	JAEPEU010005916.1	300673	224616855
scaff_group010	JAEPEU010006040.1	300919	224917774
scaff_group010	JAEPEU010005970.1	301527	225219301
scaff_group010	JAEPEU010002326.1	302247	225521548
scaff_group010	JAEPEU010009169.1	302303	225823851
scaff_group010	JAEPEU010005093.1	302337	226126188
scaff_group010	JAEPEU010000567.1	302713	226428901
scaff_group010	JAEPEU010006497.1	302846	226731747
scaff_group010	JAEPEU010007417.1	303143	227034890
scaff_group010	JAEPEU010009421.1	303400	227338290
scaff_group010	JAEPEU010003953.1	303638	227641928
scaff_group010	JAEPEU010005927.1	304044	227945972
scaff_group010	JAEPEU010007254.1	305286	228251258
scaff_group010	JAEPEU010007430.1	305964	228557222
scaff_group010	JAEPEU010006953.1	306375	228863597
scaff_group010	JAEPEU010000865.1	307122	229170719
scaff_group010	JAEPEU010004433.1	307992	229478711
scaff_group010	JAEPEU010000016.1	308005	229786716
scaff_group010	JAEPEU010007383.1	308032	230094748
scaff_group010	JAEPEU010005106.1	310736	230405484
scaff_group010	JAEPEU010000199.1	311664	230717148
scaff_group010	JAEPEU010003013.1	312968	231030116
scaff_group010	JAEPEU010007521.1	313588	231343704
scaff_group010	JAEPEU010008492.1	313662	231657366
scaff_group010	JAEPEU010001043.1	314638	231972004
scaff_group010	JAEPEU010006236.1	316281	232288285
scaff_group010	JAEPEU010005187.1	317579	232605864
scaff_group010	JAEPEU010005875.1	319094	232924958
scaff_group010	JAEPEU010004518.1	319395	233244353
scaff_group011	JAEPEU010002767.1	320415	233564768
scaff_group011	JAEPEU010000265.1	320903	233885671
scaff_group011	JAEPEU010001653.1	322664	234208335
scaff_group011	JAEPEU010006541.1	322664	234530999
scaff_group011	JAEPEU010007336.1	322682	234853681
scaff_group011	JAEPEU010006424.1	324133	235177814
scaff_group011	JAEPEU010009712.1	327639	235505453
scaff_group011	JAEPEU010000771.1	330408	235835861
scaff_group011	JAEPEU010009189.1	331722	236167583
scaff_group011	JAEPEU010006708.1	332205	236499788
scaff_group011	JAEPEU010005175.1	333787	236833575
scaff_group011	JAEPEU010004742.1	336230	237169805
scaff_group011	JAEPEU010007414.1	337017	237506822
scaff_group011	JAEPEU010005046.1	337933	237844755
scaff_group011	JAEPEU010009117.1	338604	238183359
scaff_group011	JAEPEU010000236.1	339131	238522490
scaff_group011	JAEPEU010000132.1	339935	238862425
scaff_group011	JAEPEU010005207.1	340692	239203117
scaff_group011	JAEPEU010001054.1	341669	239544786
scaff_group011	JAEPEU010000246.1	343392	239888178
scaff_group011	JAEPEU010007899.1	346198	240234376
scaff_group011	JAEPEU010007400.1	349472	240583848
scaff_group011	JAEPEU010004724.1	349750	240933598
scaff_group011	JAEPEU010005640.1	350750	241284348
scaff_group011	JAEPEU010007151.1	352593	241636941
scaff_group011	JAEPEU010006948.1	353619	241990560
scaff_group011	JAEPEU010004483.1	355574	242346134
scaff_group011	JAEPEU010006091.1	355680	242701814
scaff_group011	JAEPEU010008964.1	357897	243059711
scaff_group011	JAEPEU010005427.1	358055	243417766
scaff_group011	JAEPEU010004696.1	360725	243778491
scaff_group011	JAEPEU010003499.1	361993	244140484
scaff_group011	JAEPEU010007989.1	366055	244506539
scaff_group011	JAEPEU010007515.1	369534	244876073
scaff_group011	JAEPEU010002722.1	372864	245248937
scaff_group011	JAEPEU010006447.1	373280	245622217
scaff_group011	JAEPEU010008286.1	375658	245997875
scaff_group011	JAEPEU010003099.1	376036	246373911
scaff_group011	JAEPEU010009897.1	378661	246752572
scaff_group011	JAEPEU010005642.1	379394	247131966
scaff_group011	JAEPEU010000956.1	379739	247511705
scaff_group011	JAEPEU010006150.1	382309	247894014
scaff_group011	JAEPEU010005590.1	383676	248277690
scaff_group011	JAEPEU010008477.1	384669	248662359
scaff_group011	JAEPEU010003162.1	385642	249048001
scaff_group011	JAEPEU010008487.1	385802	249433803
scaff_group011	JAEPEU010001026.1	386786	249820589
scaff_group011	JAEPEU010007753.1	386826	250207415
scaff_group011	JAEPEU010005113.1	388311	250595726
scaff_group011	JAEPEU010003257.1	389629	250985355
scaff_group011	JAEPEU010004913.1	392853	251378208
scaff_group011	JAEPEU010001914.1	394884	251773092
scaff_group011	JAEPEU010008920.1	396274	252169366
scaff_group011	JAEPEU010005665.1	399557	252568923
scaff_group011	JAEPEU010005813.1	399690	252968613
scaff_group011	JAEPEU010000572.1	400943	253369556
scaff_group011	JAEPEU010004924.1	402158	253771714
scaff_group011	JAEPEU010001607.1	405977	254177691
scaff_group011	JAEPEU010005216.1	408226	254585917
scaff_group011	JAEPEU010006790.1	408998	254994915
scaff_group011	JAEPEU010009706.1	414629	255409544
scaff_group011	JAEPEU010006250.1	419518	255829062
scaff_group011	JAEPEU010006010.1	424858	256253920
scaff_group011	JAEPEU010003036.1	430215	256684135
scaff_group012	JAEPEU010007285.1	432387	257116522
scaff_group012	JAEPEU010001122.1	433886	257550408
scaff_group012	JAEPEU010004510.1	434134	257984542
scaff_group012	JAEPEU010005228.1	434589	258419131
scaff_group012	JAEPEU010000639.1	437877	258857008
scaff_group012	JAEPEU010001241.1	440445	259297453
scaff_group012	JAEPEU010005536.1	442466	259739919
scaff_group012	JAEPEU010008070.1	443589	260183508
scaff_group012	JAEPEU010001056.1	443703	260627211
scaff_group012	JAEPEU010003117.1	451917	261079128
scaff_group012	JAEPEU010001265.1	453556	261532684
scaff_group012	JAEPEU010000451.1	464692	261997376
scaff_group012	JAEPEU010004941.1	470506	262467882
scaff_group012	JAEPEU010000459.1	470741	262938623
scaff_group012	JAEPEU010004930.1	471252	263409875
scaff_group012	JAEPEU010000496.1	473211	263883086
scaff_group012	JAEPEU010009977.1	478947	264362033
scaff_group012	JAEPEU010009177.1	491938	264853971
scaff_group012	JAEPEU010000351.1	503575	265357546
scaff_group012	JAEPEU010009179.1	505531	265863077
scaff_group012	JAEPEU010005159.1	505985	266369062
scaff_group012	JAEPEU010000556.1	506152	266875214
scaff_group012	JAEPEU010006975.1	508705	267383919
scaff_group012	JAEPEU010004055.1	511414	267895333
scaff_group012	JAEPEU010009341.1	519032	268414365
scaff_group012	JAEPEU010005534.1	519374	268933739
scaff_group012	JAEPEU010005934.1	522167	269455906
scaff_group012	JAEPEU010001037.1	526060	269981966
scaff_group012	JAEPEU010000557.1	532542	270514508
scaff_group012	JAEPEU010006196.1	538094	271052602
scaff_group012	JAEPEU010008571.1	542033	271594635
scaff_group012	JAEPEU010009739.1	543430	272138065
scaff_group012	JAEPEU010003837.1	543998	272682063
scaff_group012	JAEPEU010009754.1	554106	273236169
scaff_group012	JAEPEU010003192.1	558817	273794986
scaff_group012	JAEPEU010000225.1	559341	274354327
scaff_group012	JAEPEU010001590.1	560382	274914709
scaff_group012	JAEPEU010003195.1	571861	275486570
scaff_group012	JAEPEU010001027.1	577746	276064316
scaff_group012	JAEPEU010005557.1	604037	276668353
scaff_group012	JAEPEU010009492.1	607458	277275811
scaff_group012	JAEPEU010009442.1	611564	277887375
scaff_group012	JAEPEU010003906.1	623697	278511072
scaff_group012	JAEPEU010002857.1	643824	279154896
scaff_group012	JAEPEU010005706.1	671989	279826885
scaff_group013	JAEPEU010004979.1	684138	280511023
scaff_group013	JAEPEU010000950.1	701568	281212591
scaff_group013	JAEPEU010000657.1	709376	281921967
scaff_group013	JAEPEU010000080.1	727537	282649504
scaff_group013	JAEPEU010000479.1	762520	283412024
scaff_group013	JAEPEU010000554.1	775003	284187027
scaff_group013	JAEPEU010009488.1	779412	284966439
scaff_group013	JAEPEU010008095.1	839725	285806164
scaff_group013	JAEPEU010007985.1	870963	286677127
scaff_group013	JAEPEU010005781.1	875996	287553123
scaff_group013	JAEPEU010000524.1	926959	288480082
scaff_group013	JAEPEU010001045.1	938440	289418522
scaff_group013	JAEPEU010009478.1	997707	290416229
scaff_group013	JAEPEU010003135.1	1022459	291438688
scaff_group013	JAEPEU010001115.1	1121839	292560527
scaff_group013	JAEPEU010006152.1	1151245	293711772
scaff_group013	JAEPEU010001065.1	1275552	294987324
scaff_group013	JAEPEU010006253.1	1434038	296421362
scaff_group013	JAEPEU010009490.1	1456904	297878266
scaff_group013	JAEPEU010003340.1	1606804	299485070
scaff_group013	JAEPEU010009745.1	1847318	301332388
scaff_group013	JAEPEU010000770.1	1874003	303206391
scaff_group014	JAEPEU010009714.1	2153388	305359779
scaff_group014	JAEPEU010007794.1	2953987	308313766
scaff_group014	JAEPEU010000659.1	3020329	311334095
